# TMM strip-by-strip overall calibration constants
# correction factor definition: q_cal = q_raw * correction
# correction = q_ref / q_i
# RunID view strip correction err_correction
677 X 0 0.569789 0.00285697
677 X 1 0.621786 0.00333597
677 X 2 0.625329 0.00330094
677 X 3 0.640335 0.0031938
677 X 4 0.671724 0.00332414
677 X 5 0.682424 0.00326657
677 X 6 0.69747 0.00362255
677 X 7 0.70262 0.00369908
677 X 8 1 0
677 X 9 1 0
677 X 10 0.757459 0.00384666
677 X 11 0.765955 0.00386807
677 X 12 0.795781 0.00356114
677 X 13 0.82153 0.00353322
677 X 14 0.845892 0.00357542
677 X 15 0.841446 0.0038893
677 X 16 1 0
677 X 17 0.909767 0.00409489
677 X 18 0.898526 0.00423682
677 X 19 0.936885 0.00375177
677 X 20 1 0
677 X 21 0.955308 0.00397333
677 X 22 0.951721 0.00374685
677 X 23 0.958682 0.00380956
677 X 24 0.96083 0.00335277
677 X 25 0.864832 0.132974
677 X 26 0.999699 0.00315756
677 X 27 1.0231 0.00406229
677 X 28 0.964742 0.00389282
677 X 29 0.813864 0.000741709
677 X 30 0.890321 0.00455871
677 X 31 0.747006 0.00944601
677 X 32 0.901314 0.00362106
677 X 33 0.623815 0.00273227
677 X 34 0.713448 0.00195292
677 X 35 0.695842 0.00241696
677 X 36 0.790698 0.00111905
677 X 37 0.734875 0.00168189
677 X 38 0.842151 0.000808163
677 X 39 0.822181 0.00154681
677 X 40 0.880016 0.000819583
677 X 41 0.833896 0.00113489
677 X 42 0.91035 0.000792241
677 X 43 0.893021 0.00107103
677 X 44 0.925286 0.000898075
677 X 45 0.744734 0.000960986
677 X 46 0.920336 0.00101262
677 X 47 5.10949 0.291681
677 X 48 0.986737 0.00112494
677 X 49 1.8834 0.00639864
677 X 50 0.836006 0.00094025
677 X 51 1.95323 0.00577161
677 X 52 0.757702 0.000690953
677 X 53 2.05698 0.00634
677 X 54 0.712887 0.000597635
677 X 55 2.16371 0.00735178
677 X 56 0.733785 0.000592936
677 X 57 2.34389 0.00766063
677 X 58 0.726072 0.000539943
677 X 59 0.462068 0.00235559
677 X 60 0.691133 0.000490938
677 X 61 0.637057 0.000636076
677 X 62 0.676007 0.000447108
677 X 63 0.823877 0.000659333
677 X 64 0.855989 0.000672942
677 X 65 0.736646 0.000555911
677 X 66 0.799609 0.00061703
677 X 67 0.734651 0.000477276
677 X 68 0.789847 0.000575026
677 X 69 0.784612 0.000570432
677 X 70 0.797387 0.000525955
677 X 71 0.778076 0.00054225
677 X 72 0.793751 0.000513709
677 X 73 0.788737 0.000552126
677 X 74 0.803926 0.000492871
677 X 75 0.789075 0.000518992
677 X 76 0.807386 0.000472446
677 X 77 0.761536 0.000470802
677 X 78 0.820092 0.000479037
677 X 79 0.863211 0.00050307
677 X 80 0.889186 0.00050711
677 X 81 0.890407 0.000500608
677 X 82 0.831104 0.00043577
677 X 83 0.926288 0.000503694
677 X 84 0.848843 0.000460001
677 X 85 0.901673 0.000476747
677 X 86 0.881161 0.000460714
677 X 87 0.864151 0.000455053
677 X 88 0.923133 0.000485492
677 X 89 0.846927 0.000441823
677 X 90 0.934128 0.000482901
677 X 91 0.879426 0.00046075
677 X 92 0.911425 0.000464359
677 X 93 0.913691 0.000462516
677 X 94 0.930502 0.000459675
677 X 95 1.00561 0.000514381
677 X 96 0.945318 0.000482836
677 X 97 0.979313 0.000498641
677 X 98 0.983704 0.000501937
677 X 99 0.973385 0.000487391
677 X 100 0.998412 0.00049757
677 X 101 0.970237 0.000481452
677 X 102 0.983476 0.000480839
677 X 103 1.01082 0.000493946
677 X 104 0.956738 0.000462466
677 X 105 1.02879 0.00049209
677 X 106 0.978877 0.000463884
677 X 107 1.01087 0.000475883
677 X 108 1.02215 0.000480487
677 X 109 0.972195 0.000454721
677 X 110 1.04473 0.000487432
677 X 111 0.94769 0.000439952
677 X 112 0.990147 0.000454429
677 X 113 0.957297 0.000442603
677 X 114 0.947801 0.000432068
677 X 115 0.980867 0.000447034
677 X 116 0.929372 0.000429506
677 X 117 0.987434 0.000449547
677 X 118 0.962122 0.000443054
677 X 119 0.962192 0.000441797
677 X 120 1.01567 0.000472192
677 X 121 1.77517 0.000769349
677 X 122 0.962428 0.000411193
677 X 123 0.940417 0.00040599
677 X 124 0.960043 0.000404802
677 X 125 0.995605 0.000420115
677 X 126 0.946395 0.00039399
677 X 127 1.03808 0.000432856
677 X 128 0.990314 0.000417796
677 X 129 1.01947 0.000424459
677 X 130 1.0295 0.000433215
677 X 131 0.993182 0.000418531
677 X 132 1.06642 0.000446667
677 X 133 0.998596 0.000420846
677 X 134 1.06255 0.000440167
677 X 135 1.05082 0.000442099
677 X 136 1.08228 0.000452345
677 X 137 1.07752 0.000447091
677 X 138 1.02766 0.000424719
677 X 139 1.05849 0.000433691
677 X 140 1.02597 0.00043048
677 X 141 1.04713 0.000429931
677 X 142 1.06719 0.00044121
677 X 143 1.01814 0.000421651
677 X 144 1.08576 0.000440851
677 X 145 1.06298 0.000429826
677 X 146 1.06245 0.000429808
677 X 147 1.09371 0.000444174
677 X 148 1.00918 0.000426806
677 X 149 1.03918 0.000442045
677 X 150 1.00455 0.000440155
677 X 151 0.983137 0.000428288
677 X 152 1.03025 0.000445702
677 X 153 0.950217 0.000430201
677 X 154 1.08163 0.00047192
677 X 155 0.973984 0.000446598
677 X 156 0.992886 0.000444131
677 X 157 1.00782 0.000457461
677 X 158 0.986819 0.000458549
677 X 159 0.99122 0.000460189
677 X 160 1.07203 0.000468023
677 X 161 0.969798 0.000454052
677 X 162 1.34934 0.000524654
677 X 163 0.952926 0.000450586
677 X 164 1.46194 0.000556913
677 X 165 0.957691 0.000447915
677 X 166 1.56325 0.000582408
677 X 167 0.958813 0.00045372
677 X 168 1.44357 0.000539176
677 X 169 0.806883 0.000246527
677 X 170 37.6499 0.0623875
677 X 171 0.80639 0.000262702
677 X 172 1.2353 0.000480669
677 X 173 0.944952 0.000441551
677 X 174 1.3839 0.000522608
677 X 175 0.915216 0.00042658
677 X 176 1.28801 0.000502912
677 X 177 0.915599 0.000418242
677 X 178 0.964218 0.000443832
677 X 179 0.956239 0.000451419
677 X 180 0.93367 0.000441337
677 X 181 0.989645 0.000449673
677 X 182 0.958921 0.000443926
677 X 183 0.948201 0.000436761
677 X 184 0.97832 0.000435679
677 X 185 0.975599 0.000439385
677 X 186 0.971794 0.000420294
677 X 187 0.975706 0.000431595
677 X 188 0.990645 0.000421246
677 X 189 1.00535 0.000430127
677 X 190 0.997582 0.00042436
677 X 191 0.989254 0.000416448
677 X 192 1.01108 0.000427725
677 X 193 0.997296 0.000416384
677 X 194 1.0308 0.000428163
677 X 195 0.993464 0.000417347
677 X 196 0.999587 0.000413107
677 X 197 1.00427 0.000421619
677 X 198 0.985092 0.000405454
677 X 199 1.00417 0.000420958
677 X 200 0.975037 0.000405093
677 X 201 1.01549 0.000419563
677 X 202 0.955758 0.000396129
677 X 203 0.999444 0.000402803
677 X 204 0.964076 0.000396238
677 X 205 1.0002 0.000398331
677 X 206 0.997696 0.000400441
677 X 207 0.989263 0.000391586
677 X 208 1.00669 0.000395387
677 X 209 1.06638 0.00041881
677 X 210 1.07038 0.000415805
677 X 211 1.01766 0.000395567
677 X 212 1.02142 0.000392933
677 X 213 1.02246 0.000387374
677 X 214 0.980116 0.000375047
677 X 215 1.01743 0.000385728
677 X 216 0.991094 0.000378557
677 X 217 0.979488 0.000370126
677 X 218 1.03452 0.000399328
677 X 219 0.982632 0.000376939
677 X 220 1.00033 0.000382536
677 X 221 0.950317 0.000363137
677 X 222 0.955851 0.000364278
677 X 223 0.996854 0.000379104
677 X 224 0.911085 0.000340629
677 X 225 0.99657 0.000377868
677 X 226 0.966005 0.000300222
677 X 227 0.923345 0.000360501
677 X 228 0.982856 0.000397129
677 X 229 0.878796 0.000363977
677 X 230 0.947308 0.000403182
677 X 231 0.894397 0.000377928
677 X 232 0.89325 0.000386833
677 X 233 0.9346 0.0004087
677 X 234 0.918203 0.000489681
677 X 235 1.11622 0.000418746
677 X 236 1.06953 0.000405279
677 X 237 1.05644 0.000398758
677 X 238 1.06139 0.000402211
677 X 239 1.05982 0.000400641
677 X 240 1.06828 0.000401376
677 X 241 1.04423 0.000395627
677 X 242 1.05575 0.00039685
677 X 243 1.02941 0.000389924
677 X 244 1.04674 0.00039449
677 X 245 1.02918 0.000390832
677 X 246 1.01268 0.000386499
677 X 247 1.03014 0.000392843
677 X 248 1.01262 0.000384849
677 X 249 1.00106 0.000380584
677 X 250 1.034 0.00039364
677 X 251 0.922162 0.000344015
677 X 252 0.943031 0.000349156
677 X 253 0.930787 0.000345931
677 X 254 0.915013 0.0003369
677 X 255 0.953815 0.000351293
677 X 256 0.901115 0.000331967
677 X 257 0.948744 0.000348526
677 X 258 0.904982 0.000332898
677 X 259 0.922738 0.000336887
677 X 260 0.994248 0.000365144
677 X 261 0.968244 0.000352852
677 X 262 1.05111 0.000380612
677 X 263 0.913849 0.000340121
677 X 264 0.943635 0.000350212
677 X 265 0.975754 0.000369214
677 X 266 0.883846 0.000334355
677 X 267 0.967447 0.000366266
677 X 268 0.880681 0.0003404
677 X 269 0.945382 0.000365604
677 X 270 0.915282 0.000351863
677 X 271 0.920472 0.000356427
677 X 272 0.961989 0.000370876
677 X 273 0.961847 0.000385347
677 X 274 0.935469 0.000368702
677 X 275 1.01931 0.000414017
677 X 276 0.9754 0.000442855
677 X 277 1.37977 0.000696964
677 X 278 0.953474 0.000433078
677 X 279 1.22411 0.000781417
677 X 280 0.981325 0.000443927
677 X 281 0.885678 0.00303224
677 X 282 0.982731 0.000450395
677 X 283 3.65417 0.0123788
677 X 284 0.833123 0.000399825
677 X 285 4.29287 0.00852671
677 X 286 0.842121 0.000413494
677 X 287 0.841485 0.00205806
677 X 288 1.00574 0.000472367
677 X 289 0.684816 0.00596726
677 X 290 1.06475 0.000559608
677 X 291 0.873294 0.00192448
677 X 292 1.18613 0.000696333
677 X 293 0.935881 0.000438736
677 X 294 0.929093 0.000412532
677 X 295 0.860624 0.000386322
677 X 296 0.941105 0.000424759
677 X 297 0.934038 0.00044635
677 X 298 0.873511 0.000369339
677 X 299 0.964307 0.000451326
677 X 300 0.904839 0.000422715
677 X 301 0.943128 0.000447776
677 X 302 0.968253 0.000469542
677 X 303 0.948344 0.000441183
677 X 304 1.04987 0.000541265
677 X 305 0.972963 0.000458776
677 X 306 1.11981 0.000585265
677 X 307 1.04705 0.000486614
677 X 308 1.09152 0.000583097
677 X 309 0.968627 0.0004191
677 X 310 0.938506 0.000463667
677 X 311 0.979436 0.000410766
677 X 312 0.977284 0.000411989
677 X 313 1.03163 0.000504985
677 X 314 1.00644 0.000431931
677 X 315 1.04485 0.000556434
677 X 316 1.00412 0.000452785
677 X 317 1.00941 0.000483319
677 X 318 0.949931 0.000496492
677 X 319 0.998075 0.000600991
677 X 320 0.862604 0.000657824
677 X 321 0.90588 0.000628692
677 X 322 0.742801 0.000626866
677 X 323 0.768139 0.000946583
677 X 324 0.528606 0.011007
677 X 325 0.788185 0.00278385
677 X 326 0.766161 0.00393984
677 X 327 0.763046 0.00429625
677 X 328 0.765723 0.00578772
677 X 329 0.780541 0.001429
677 X 330 0.755225 0.00205126
677 X 331 0.78341 0.0029372
677 X 332 0.735639 0.00323731
677 X 333 0.85479 0.0105638
677 X 334 0.852312 0.00934497
677 X 335 0.979047 0.00583657
677 X 336 0.91066 0.00536208
677 X 337 0.939662 0.00485301
677 X 338 0.901733 0.0046551
677 X 339 0.906478 0.00451645
677 X 340 0.885913 0.00451324
677 X 341 0.855904 0.00447719
677 X 342 0.816209 0.00399076
677 X 343 0.813456 0.00390114
677 X 344 0.766474 0.00376014
677 X 345 1 0
677 X 346 0.736773 0.00359576
677 X 347 0.727945 0.00361296
677 X 348 0.679899 0.0032574
677 X 349 0.683157 0.00357222
677 X 350 0.652112 0.00319299
677 X 351 0.652117 0.00332968
677 X 352 0.618139 0.00338175
677 X 353 0.607977 0.00325257
677 X 354 0.578473 0.00284536
677 X 355 0.5647 0.00271259
677 X 356 0.541737 0.00244106
677 X 357 1 0
677 Y 0 1 0
677 Y 1 1.0451 0.00276213
677 Y 2 1.07953 0.00338501
677 Y 3 1.08025 0.0024807
677 Y 4 1.09105 0.00240979
677 Y 5 1.05309 0.00225968
677 Y 6 1.10625 0.00241176
677 Y 7 1.08367 0.00187077
677 Y 8 1.11438 0.0020307
677 Y 9 1.10882 0.0020168
677 Y 10 1.17347 0.00234529
677 Y 11 1.17219 0.00198593
677 Y 12 1.13642 0.00151788
677 Y 13 1.14417 0.00146132
677 Y 14 1.12894 0.0014001
677 Y 15 1.12981 0.00131076
677 Y 16 1.12798 0.00119209
677 Y 17 1.1325 0.000954689
677 Y 18 1.11386 0.000889963
677 Y 19 1.14995 0.00091765
677 Y 20 1.19836 0.000940347
677 Y 21 1.17957 0.000900614
677 Y 22 1.12378 0.000863466
677 Y 23 1.05869 0.00077439
677 Y 24 1.0833 0.000820997
677 Y 25 1.03817 0.000754166
677 Y 26 1.08656 0.000797656
677 Y 27 1.01384 0.000736874
677 Y 28 1.03949 0.000759612
677 Y 29 1.06463 0.00077865
677 Y 30 1.13448 0.000839467
677 Y 31 1.06272 0.000727772
677 Y 32 1.00833 0.000682922
677 Y 33 0.761066 0.000494625
677 Y 34 0.925249 0.000614166
677 Y 35 0.886003 0.000549922
677 Y 36 0.949811 0.000586905
677 Y 37 0.953585 0.000638738
677 Y 38 0.970386 0.000610264
677 Y 39 0.994107 0.000612134
677 Y 40 1.19158 0.000877483
677 Y 41 0.996383 0.000573472
677 Y 42 1.20433 0.00102936
677 Y 43 0.860284 0.00047708
677 Y 44 0.940327 0.000624389
677 Y 45 0.861361 0.00049202
677 Y 46 0.964841 0.00067183
677 Y 47 0.858009 0.000546757
677 Y 48 0.902525 0.000571763
677 Y 49 0.986757 0.00068516
677 Y 50 1.11689 0.00072512
677 Y 51 1.06708 0.000739696
677 Y 52 0.947195 0.00060516
677 Y 53 0.866448 0.00056524
677 Y 54 0.852464 0.000561644
677 Y 55 0.862202 0.00055082
677 Y 56 0.828942 0.000514722
677 Y 57 0.880007 0.000551663
677 Y 58 0.830094 0.000547422
677 Y 59 0.905097 0.000577628
677 Y 60 0.941226 0.000602141
677 Y 61 0.963156 0.000615364
677 Y 62 0.820794 0.000465335
677 Y 63 0.795313 0.000485247
677 Y 64 0.812268 0.000466377
677 Y 65 0.843764 0.000511161
677 Y 66 0.87702 0.000547301
677 Y 67 0.814947 0.000502673
677 Y 68 0.835137 0.000599844
677 Y 69 0.852483 0.000544674
677 Y 70 0.912647 0.000868804
677 Y 71 0.993366 0.000665115
677 Y 72 0.886436 0.000633817
677 Y 73 0.820896 0.000437101
677 Y 74 0.819681 0.000712483
677 Y 75 0.813346 0.00048564
677 Y 76 0.880322 0.000608013
677 Y 77 0.83234 0.000427531
677 Y 78 0.92497 0.000532121
677 Y 79 0.883222 0.000460188
677 Y 80 1.05591 0.000601355
677 Y 81 0.989811 0.000624567
677 Y 82 0.86739 0.000464589
677 Y 83 0.696406 0.000300649
677 Y 84 1.76386 0.00121328
677 Y 85 0.525791 0.00020806
677 Y 86 5.96613 0.0111498
677 Y 87 0.577801 0.000234563
677 Y 88 0.778624 0.000401383
677 Y 89 0.807221 0.000380374
677 Y 90 1.02946 0.000515997
677 Y 91 0.915617 0.00045075
677 Y 92 0.892942 0.000446547
677 Y 93 0.783661 0.000371411
677 Y 94 0.845236 0.00040715
677 Y 95 0.838605 0.000388954
677 Y 96 0.879968 0.00044382
677 Y 97 0.817708 0.000364887
677 Y 98 0.821599 0.000362248
677 Y 99 0.854695 0.000386941
677 Y 100 0.970996 0.000423861
677 Y 101 0.977288 0.000412752
677 Y 102 0.870503 0.000351888
677 Y 103 0.819867 0.000326565
677 Y 104 0.811844 0.000315962
677 Y 105 0.83914 0.000326412
677 Y 106 0.797902 0.000303141
677 Y 107 0.957619 0.000405614
677 Y 108 0.930947 0.000419213
677 Y 109 1.04261 0.000450449
677 Y 110 1.17572 0.000582088
677 Y 111 1.14993 0.000498722
677 Y 112 1.05597 0.000441332
677 Y 113 0.956195 0.000371469
677 Y 114 0.932465 0.00037715
677 Y 115 0.908651 0.000373034
677 Y 116 0.9393 0.000376006
677 Y 117 0.897357 0.00035407
677 Y 118 0.932242 0.000369585
677 Y 119 0.963329 0.000387836
677 Y 120 1.08571 0.000435953
677 Y 121 1.12861 0.000427719
677 Y 122 0.495925 0.00019539
677 Y 123 0.743199 0.000586369
677 Y 124 0.705324 0.000464338
677 Y 125 0.727717 0.000545942
677 Y 126 0.718035 0.000448334
677 Y 127 0.733079 0.000539563
677 Y 128 0.739049 0.000551502
677 Y 129 0.828202 0.000649998
677 Y 130 0.98252 0.000844249
677 Y 131 0.973584 0.000798596
677 Y 132 0.868358 0.000647856
677 Y 133 0.791059 0.000557598
677 Y 134 0.833536 0.000534246
677 Y 135 0.841417 0.000603539
677 Y 136 0.902428 0.000703016
677 Y 137 0.887947 0.000664526
677 Y 138 0.926554 0.000629033
677 Y 139 1.01851 0.00067563
677 Y 140 1.17654 0.000851529
677 Y 141 1.19616 0.00081597
677 Y 142 1.0604 0.000773199
677 Y 143 1.00704 0.000653174
677 Y 144 0.979089 0.00064589
677 Y 145 1.02538 0.000705789
677 Y 146 0.993527 0.000610725
677 Y 147 1.04507 0.000640106
677 Y 148 1.00955 0.000675838
677 Y 149 1.01725 0.000634103
677 Y 150 1.18597 0.000831161
677 Y 151 1.29291 0.0010174
677 Y 152 1.05584 0.000695235
677 Y 153 0.927417 0.0005926
677 Y 154 0.962326 0.00051716
677 Y 155 0.902416 0.0005634
677 Y 156 0.94702 0.000483512
677 Y 157 0.923366 0.000566766
677 Y 158 0.940131 0.000518934
677 Y 159 0.962682 0.000608031
677 Y 160 1.14149 0.000682564
677 Y 161 1.13699 0.00071399
677 Y 162 0.961908 0.000492508
677 Y 163 0.960629 0.000489658
677 Y 164 0.904615 0.000504884
677 Y 165 0.957134 0.000497865
677 Y 166 0.926969 0.000489886
677 Y 167 0.931793 0.000479412
677 Y 168 0.930446 0.000502467
677 Y 169 0.986811 0.000538411
677 Y 170 1.14205 0.000666827
677 Y 171 1.13066 0.000641622
677 Y 172 0.988207 0.00048942
677 Y 173 0.898446 0.000460839
677 Y 174 0.96293 0.000467823
677 Y 175 0.881076 0.000435666
677 Y 176 0.969752 0.000505857
677 Y 177 0.901425 0.000444221
677 Y 178 0.97776 0.00053057
677 Y 179 1.0136 0.000579483
677 Y 180 1.16689 0.000693347
677 Y 181 1.41351 0.000840517
677 Y 182 1.02948 0.000588314
677 Y 183 1.24451 0.000708355
677 Y 184 0.959093 0.000524126
677 Y 185 1.28117 0.00073797
677 Y 186 0.974784 0.000527838
677 Y 187 1.28796 0.000737408
677 Y 188 0.993193 0.000515082
677 Y 189 1.22923 0.000819952
677 Y 190 1.22426 0.000751914
677 Y 191 1.30928 0.000967289
677 Y 192 1.06985 0.00059622
677 Y 193 1.27008 0.000743328
677 Y 194 0.984915 0.000513756
677 Y 195 1.24225 0.000698325
677 Y 196 0.997068 0.0005009
677 Y 197 1.04288 0.000522462
677 Y 198 1.00826 0.000510295
677 Y 199 1.01546 0.000545971
677 Y 200 1.24335 0.000724145
677 Y 201 1.19739 0.000682376
677 Y 202 1.03893 0.000559532
677 Y 203 0.980439 0.000522549
677 Y 204 0.983685 0.00048174
677 Y 205 1.00338 0.000551121
677 Y 206 0.964331 0.000478986
677 Y 207 0.992498 0.000489291
677 Y 208 0.963753 0.00048935
677 Y 209 1.04282 0.000553084
677 Y 210 1.16216 0.000698301
677 Y 211 1.14166 0.000712794
677 Y 212 0.720495 0.000347102
677 Y 213 10.1647 0.00862956
677 Y 214 0.685159 0.000330061
677 Y 215 0.885158 0.000488478
677 Y 216 0.936305 0.000540949
677 Y 217 0.946865 0.000546272
677 Y 218 0.991668 0.000573326
677 Y 219 1.02704 0.000642038
677 Y 220 1.25237 0.000875679
677 Y 221 1.28765 0.000905181
677 Y 222 1.13622 0.000755757
677 Y 223 0.982974 0.000583216
677 Y 224 1.00359 0.000654389
677 Y 225 0.981101 0.000586761
677 Y 226 0.991835 0.000592959
677 Y 227 0.960938 0.000647811
677 Y 228 0.950481 0.000635702
677 Y 229 1.03967 0.000669349
677 Y 230 1.1619 0.000921107
677 Y 231 1.1734 0.000859114
677 Y 232 0.952532 0.000657599
677 Y 233 0.945153 0.000653468
677 Y 234 0.901301 0.000646732
677 Y 235 1.00115 0.00059804
677 Y 236 1.03048 0.000682361
677 Y 237 0.917167 0.000479247
677 Y 238 0.969368 0.000515242
677 Y 239 0.994266 0.000514672
677 Y 240 1.20341 0.000723697
677 Y 241 1.15022 0.000686025
677 Y 242 1.03073 0.000561044
677 Y 243 0.940608 0.0005121
677 Y 244 0.996852 0.000559787
677 Y 245 0.940749 0.000511058
677 Y 246 0.980974 0.000558704
677 Y 247 0.997929 0.00059839
677 Y 248 0.984684 0.000600388
677 Y 249 1.07042 0.000699495
677 Y 250 1.22509 0.000854086
677 Y 251 1.31379 0.000991511
677 Y 252 1.03882 0.000706467
677 Y 253 1.043 0.000753009
677 Y 254 0.997234 0.000691095
677 Y 255 1.06002 0.000777661
677 Y 256 0.993414 0.000727394
677 Y 257 1.05037 0.000827373
677 Y 258 1.01261 0.000798294
677 Y 259 1.08638 0.000887818
677 Y 260 1.29648 0.0011575
677 Y 261 1.2441 0.00112391
677 Y 262 1.12946 0.0010653
677 Y 263 0.897008 0.000644585
677 Y 264 0.937439 0.000686585
677 Y 265 0.894023 0.000704159
677 Y 266 0.965559 0.000808206
677 Y 267 0.915667 0.000685709
677 Y 268 0.937052 0.00072385
677 Y 269 0.940187 0.000824873
677 Y 270 1.18129 0.00106786
677 Y 271 1.11029 0.000988796
677 Y 272 0.944322 0.000833315
677 Y 273 0.904429 0.000786723
677 Y 274 0.918246 0.000799593
677 Y 275 0.922737 0.00087065
677 Y 276 0.887565 0.000789322
677 Y 277 0.922486 0.000812889
677 Y 278 0.892714 0.000807308
677 Y 279 0.945195 0.0008279
677 Y 280 1.08175 0.0010126
677 Y 281 1.09323 0.00099538
677 Y 282 0.895962 0.000801582
677 Y 283 0.870468 0.00076331
677 Y 284 0.840086 0.000736732
677 Y 285 0.818112 0.000720554
677 Y 286 0.834998 0.000743957
677 Y 287 0.86215 0.000869498
677 Y 288 0.78877 0.000668759
677 Y 289 0.886763 0.00082123
677 Y 290 0.857325 0.000718808
677 Y 291 0.983679 0.000991315
677 Y 292 0.760112 0.000621147
677 Y 293 0.853531 0.000858344
677 Y 294 0.74351 0.000646933
677 Y 295 0.75765 0.000625129
677 Y 296 0.629095 0.000900407
677 Y 297 0.783136 0.000706414
677 Y 298 0.584659 0.00160104
677 Y 299 0.805217 0.00079339
677 Y 300 1 0
677 Y 301 0.890352 0.000905426
677 Y 302 0.639743 0.00322486
677 Y 303 0.739121 0.000689828
677 Y 304 1.55259 0.00493928
677 Y 305 0.77761 0.000846953
677 Y 306 0.741437 0.0108327
677 Y 307 0.761007 0.000768078
677 Y 308 0.565122 0.0022472
677 Y 309 0.824751 0.000893345
677 Y 310 0.785634 0.00793297
677 Y 311 0.842225 0.00102516
677 Y 312 0.687471 0.000798819
677 Y 313 0.764692 0.000845343
677 Y 314 0.747344 0.00083465
677 Y 315 0.761408 0.000847628
677 Y 316 0.717654 0.00077862
677 Y 317 0.744128 0.000821419
677 Y 318 0.700927 0.000753601
677 Y 319 0.725992 0.000790326
677 Y 320 0.736882 0.00106756
677 Y 321 0.728437 0.000924004
677 Y 322 0.67965 0.00085683
677 Y 323 0.631112 0.000617038
677 Y 324 0.620647 0.000689352
677 Y 325 0.528754 0.000561812
677 Y 326 0.557726 0.000645014
677 Y 327 0.581211 0.000615679
677 Y 328 0.613113 0.000774255
677 Y 329 0.624069 0.000785351
677 Y 330 0.700745 0.00127523
677 Y 331 0.690909 0.00131965
677 Y 332 0.689619 0.00108599
677 Y 333 0.689019 0.00109282
677 Y 334 0.673001 0.00100677
677 Y 335 0.713125 0.00121952
677 Y 336 0.708262 0.00115687
677 Y 337 0.728618 0.00133374
677 Y 338 0.704972 0.00116375
677 Y 339 0.750766 0.00163128
677 Y 340 0.771568 0.00227604
677 Y 341 0.769892 0.00222053
677 Y 342 0.72787 0.00169209
677 Y 343 0.746992 0.00209709
677 Y 344 0.768401 0.00270198
677 Y 345 0.726023 0.00208386
677 Y 346 0.728652 0.00243387
677 Y 347 0.742172 0.00240051
677 Y 348 0.738075 0.00280732
677 Y 349 0.72769 0.0017914
677 Y 350 0.766828 0.00263658
677 Y 351 0.786138 0.003285
677 Y 352 0.751243 0.00263379
677 Y 353 0.721089 0.00227252
677 Y 354 0.692695 0.00176655
677 Y 355 0.71826 0.00277157
677 Y 356 0.700227 0.00224632
677 Y 357 0.690937 0.00247226
