# TMM strip-by-strip overall calibration constants
# correction factor definition: q_cal = q_raw * correction
# correction = q_ref / q_i
# RunID view strip correction err_correction
677 X 0 0.790373 0.00396299
677 X 1 0.850573 0.00456345
677 X 2 0.843817 0.00445428
677 X 3 0.852573 0.00425238
677 X 4 0.88271 0.00436824
677 X 5 0.885323 0.00423779
677 X 6 0.893534 0.00464088
677 X 7 0.889127 0.00468099
677 X 8 1 0
677 X 9 1 0
677 X 10 0.925325 0.00469915
677 X 11 0.92529 0.00467271
677 X 12 0.950887 0.00425525
677 X 13 0.971275 0.00417724
677 X 14 0.989783 0.00418362
677 X 15 0.974723 0.00450533
677 X 16 1 0
677 X 17 1.03375 0.00465295
677 X 18 1.01162 0.00477011
677 X 19 1.04545 0.00418652
677 X 20 1 0
677 X 21 1.04807 0.00435915
677 X 22 1.03577 0.00407773
677 X 23 1.03528 0.00411394
677 X 24 1.02988 0.00359372
677 X 25 0.920354 0.141511
677 X 26 1.05658 0.00333722
677 X 27 1.0742 0.0042652
677 X 28 1.00656 0.00406156
677 X 29 0.84405 0.000769219
677 X 30 0.918069 0.00470079
677 X 31 0.766108 0.00968754
677 X 32 0.919608 0.00369456
677 X 33 0.633384 0.00277417
677 X 34 0.721074 0.0019738
677 X 35 0.700255 0.00243229
677 X 36 0.792511 0.00112162
677 X 37 0.733797 0.00167942
677 X 38 0.837987 0.000804168
677 X 39 0.815485 0.00153421
677 X 40 0.870271 0.000810508
677 X 41 0.822438 0.00111929
677 X 42 0.895648 0.000779447
677 X 43 0.876669 0.00105141
677 X 44 0.906568 0.000879907
677 X 45 0.728414 0.000939927
677 X 46 0.898826 0.00098895
677 X 47 4.98374 0.284502
677 X 48 0.961438 0.0010961
677 X 49 1.83355 0.0062293
677 X 50 0.813353 0.000914772
677 X 51 1.89943 0.00561264
677 X 52 0.736626 0.000671733
677 X 53 1.99955 0.00616298
677 X 54 0.693021 0.00058098
677 X 55 2.10385 0.00714837
677 X 56 0.713731 0.000576732
677 X 57 2.28092 0.00745484
677 X 58 0.706992 0.000525754
677 X 59 0.450246 0.00229532
677 X 60 0.673998 0.000478766
677 X 61 0.621823 0.000620865
677 X 62 0.660488 0.000436844
677 X 63 0.80581 0.000644874
677 X 64 0.838147 0.000658915
677 X 65 0.722127 0.000544955
677 X 66 0.784789 0.000605593
677 X 67 0.721921 0.000469006
677 X 68 0.777131 0.000565768
677 X 69 0.772955 0.000561957
677 X 70 0.786536 0.000518797
677 X 71 0.768458 0.000535547
677 X 72 0.784923 0.000507996
677 X 73 0.78093 0.000546661
677 X 74 0.796935 0.000488585
677 X 75 0.783142 0.000515089
677 X 76 0.802239 0.000469434
677 X 77 0.757525 0.000468322
677 X 78 0.816648 0.000477025
677 X 79 0.86047 0.000501472
677 X 80 0.88723 0.000505995
677 X 81 0.889275 0.000499971
677 X 82 0.830775 0.000435597
677 X 83 0.926684 0.000503909
677 X 84 0.849859 0.000460551
677 X 85 0.903396 0.000477658
677 X 86 0.883426 0.000461899
677 X 87 0.866895 0.000456498
677 X 88 0.926573 0.000487301
677 X 89 0.850504 0.000443689
677 X 90 0.938489 0.000485155
677 X 91 0.883877 0.000463082
677 X 92 0.916351 0.000466869
677 X 93 0.918899 0.000465152
677 X 94 0.936038 0.00046241
677 X 95 1.0118 0.000517547
677 X 96 0.95129 0.000485886
677 X 97 0.98562 0.000501853
677 X 98 0.990123 0.000505212
677 X 99 0.979785 0.000490596
677 X 100 1.00499 0.000500849
677 X 101 0.976617 0.000484618
677 X 102 0.989902 0.00048398
677 X 103 1.01735 0.000497138
677 X 104 0.962831 0.000465412
677 X 105 1.03522 0.000495167
677 X 106 0.984864 0.000466721
677 X 107 1.0169 0.000478719
677 X 108 1.02807 0.000483269
677 X 109 0.977644 0.00045727
677 X 110 1.05038 0.000490067
677 X 111 0.952617 0.00044224
677 X 112 0.995079 0.000456692
677 X 113 0.96185 0.000444708
677 X 114 0.952089 0.000434023
677 X 115 0.985072 0.000448951
677 X 116 0.933132 0.000431244
677 X 117 0.99119 0.000451257
677 X 118 0.965546 0.000444631
677 X 119 0.965381 0.000443262
677 X 120 1.01879 0.000473641
677 X 121 1.78019 0.000771523
677 X 122 0.964915 0.000412255
677 X 123 0.942622 0.000406942
677 X 124 0.962068 0.000405656
677 X 125 0.997474 0.000420904
677 X 126 0.947956 0.00039464
677 X 127 1.03956 0.000433474
677 X 128 0.991511 0.000418301
677 X 129 1.02049 0.000424881
677 X 130 1.03031 0.000433557
677 X 131 0.993766 0.000418777
677 X 132 1.06684 0.000446843
677 X 133 0.9988 0.000420932
677 X 134 1.06258 0.000440176
677 X 135 1.05066 0.000442031
677 X 136 1.08193 0.000452198
677 X 137 1.077 0.000446873
677 X 138 1.02699 0.000424445
677 X 139 1.05765 0.000433347
677 X 140 1.02501 0.000430076
677 X 141 1.046 0.000429469
677 X 142 1.0659 0.000440678
677 X 143 1.01678 0.000421089
677 X 144 1.08418 0.00044021
677 X 145 1.06131 0.000429153
677 X 146 1.06067 0.000429088
677 X 147 1.09176 0.000443384
677 X 148 1.00729 0.000426006
677 X 149 1.03714 0.000441176
677 X 150 1.00248 0.000439251
677 X 151 0.981038 0.000427374
677 X 152 1.02798 0.000444716
677 X 153 0.948046 0.000429218
677 X 154 1.07909 0.00047081
677 X 155 0.971631 0.000445519
677 X 156 0.990427 0.000443031
677 X 157 1.00527 0.000456303
677 X 158 0.984269 0.000457365
677 X 159 0.988611 0.000458977
677 X 160 1.06916 0.000466771
677 X 161 0.967163 0.000452818
677 X 162 1.34563 0.000523208
677 X 163 0.950267 0.00044933
677 X 164 1.45781 0.000555342
677 X 165 0.954959 0.000446637
677 X 166 1.55875 0.000580731
677 X 167 0.956032 0.000452404
677 X 168 1.43936 0.000537602
677 X 169 0.804514 0.000245803
677 X 170 37.5388 0.0622035
677 X 171 0.804003 0.000261924
677 X 172 1.23164 0.000479242
677 X 173 0.942142 0.000440238
677 X 174 1.37978 0.000521053
677 X 175 0.912491 0.00042531
677 X 176 1.28418 0.000501416
677 X 177 0.91288 0.000417
677 X 178 0.961363 0.000442518
677 X 179 0.953418 0.000450087
677 X 180 0.930933 0.000440044
677 X 181 0.986762 0.000448363
677 X 182 0.956146 0.000442642
677 X 183 0.945479 0.000435507
677 X 184 0.975539 0.00043444
677 X 185 0.972855 0.000438149
677 X 186 0.969094 0.000419126
677 X 187 0.973032 0.000430412
677 X 188 0.987971 0.000420109
677 X 189 1.00268 0.000428986
677 X 190 0.994985 0.000423255
677 X 191 0.986732 0.000415386
677 X 192 1.00856 0.000426659
677 X 193 0.994874 0.000415373
677 X 194 1.02837 0.000427152
677 X 195 0.991191 0.000416392
677 X 196 0.997377 0.000412194
677 X 197 1.00214 0.000420723
677 X 198 0.983083 0.000404627
677 X 199 1.00222 0.000420139
677 X 200 0.973237 0.000404346
677 X 201 1.01372 0.000418833
677 X 202 0.954201 0.000395483
677 X 203 0.997933 0.000402194
677 X 204 0.962738 0.000395688
677 X 205 0.998945 0.00039783
677 X 206 0.996577 0.000399991
677 X 207 0.988294 0.000391203
677 X 208 1.00586 0.000395059
677 X 209 1.06566 0.000418528
677 X 210 1.06983 0.000415592
677 X 211 1.01731 0.000395431
677 X 212 1.02125 0.000392867
677 X 213 1.02248 0.000387379
677 X 214 0.980313 0.000375123
677 X 215 1.01783 0.00038588
677 X 216 0.991683 0.000378782
677 X 217 0.980271 0.000370422
677 X 218 1.03556 0.000399732
677 X 219 0.983836 0.000377401
677 X 220 1.00178 0.000383089
677 X 221 0.951904 0.000363744
677 X 222 0.957665 0.000364969
677 X 223 0.998976 0.000379911
677 X 224 0.913237 0.000341434
677 X 225 0.999158 0.000378849
677 X 226 0.968741 0.000301072
677 X 227 0.926178 0.000361607
677 X 228 0.986103 0.00039844
677 X 229 0.881904 0.000365264
677 X 230 0.950875 0.0004047
677 X 231 0.897967 0.000379437
677 X 232 0.897012 0.000388462
677 X 233 0.938735 0.000410508
677 X 234 0.922453 0.000491948
677 X 235 1.1216 0.000420766
677 X 236 1.07488 0.000407308
677 X 237 1.06191 0.000400822
677 X 238 1.06705 0.000404355
677 X 239 1.06561 0.000402832
677 X 240 1.07425 0.000403618
677 X 241 1.05016 0.000397876
677 X 242 1.06183 0.000399136
677 X 243 1.03539 0.000392189
677 X 244 1.05284 0.00039679
677 X 245 1.03517 0.000393107
677 X 246 1.01853 0.000388734
677 X 247 1.03602 0.000395085
677 X 248 1.01828 0.000387003
677 X 249 1.00651 0.000382656
677 X 250 1.03943 0.000395708
677 X 251 0.926792 0.000345742
677 X 252 0.947502 0.000350812
677 X 253 0.934898 0.000347458
677 X 254 0.918711 0.000338262
677 X 255 0.957264 0.000352563
677 X 256 0.903945 0.000333009
677 X 257 0.951221 0.000349436
677 X 258 0.906818 0.000333573
677 X 259 0.924022 0.000337356
677 X 260 0.994944 0.0003654
677 X 261 0.9682 0.000352836
677 X 262 1.05022 0.00038029
677 X 263 0.912298 0.000339544
677 X 264 0.94118 0.000349301
677 X 265 0.972285 0.000367901
677 X 266 0.879819 0.000332832
677 X 267 0.962027 0.000364215
677 X 268 0.87479 0.000338123
677 X 269 0.937995 0.000362748
677 X 270 0.90707 0.000348706
677 X 271 0.911121 0.000352806
677 X 272 0.951053 0.00036666
677 X 273 0.949733 0.000380494
677 X 274 0.92253 0.000363602
677 X 275 1.00394 0.000407777
677 X 276 0.95949 0.000435632
677 X 277 1.35557 0.000684741
677 X 278 0.935602 0.00042496
677 X 279 1.19972 0.000765848
677 X 280 0.960652 0.000434575
677 X 281 0.866049 0.00296503
677 X 282 0.959927 0.000439943
677 X 283 3.56581 0.0120794
677 X 284 0.812226 0.000389796
677 X 285 4.18168 0.00830586
677 X 286 0.8197 0.000402485
677 X 287 0.81856 0.002002
677 X 288 0.977832 0.00045926
677 X 289 0.665554 0.00579942
677 X 290 1.03454 0.00054373
677 X 291 0.848427 0.00186968
677 X 292 1.15242 0.000676541
677 X 293 0.909481 0.000426359
677 X 294 0.903243 0.000401054
677 X 295 0.837168 0.000375793
677 X 296 0.916168 0.000413504
677 X 297 0.910183 0.00043495
677 X 298 0.852218 0.000360336
677 X 299 0.942131 0.000440947
677 X 300 0.885481 0.000413671
677 X 301 0.924681 0.000439017
677 X 302 0.951321 0.000461332
677 X 303 0.93396 0.000434491
677 X 304 1.03664 0.000534448
677 X 305 0.963465 0.000454297
677 X 306 1.11235 0.000581366
677 X 307 1.04361 0.000485014
677 X 308 1.09192 0.000583311
677 X 309 0.9728 0.000420906
677 X 310 0.946524 0.000467629
677 X 311 0.992247 0.000416138
677 X 312 0.994799 0.000419372
677 X 313 1.05544 0.000516638
677 X 314 1.03517 0.000444263
677 X 315 1.08074 0.000575547
677 X 316 1.04477 0.000471115
677 X 317 1.0568 0.000506011
677 X 318 1.00101 0.000523187
677 X 319 1.05889 0.000637612
677 X 320 0.921658 0.000702859
677 X 321 0.975046 0.000676694
677 X 322 0.805656 0.00067991
677 X 323 0.839779 0.00103487
677 X 324 0.582683 0.012133
677 X 325 0.87625 0.0030949
677 X 326 0.859301 0.00441879
677 X 327 0.863628 0.00486256
677 X 328 0.87483 0.0066124
677 X 329 0.900424 0.00164848
677 X 330 0.879937 0.00238999
677 X 331 0.922171 0.00345745
677 X 332 0.875101 0.00385103
677 X 333 1.02789 0.012703
677 X 334 1.03633 0.0113626
677 X 335 1.20404 0.00717786
677 X 336 1.13306 0.00667157
677 X 337 1.18316 0.0061106
677 X 338 1.14934 0.00593334
677 X 339 1.16989 0.00582887
677 X 340 1.15801 0.00589943
677 X 341 1.13344 0.00592898
677 X 342 1.09533 0.00535551
677 X 343 1.10654 0.00530669
677 X 344 1.05714 0.00518608
677 X 345 1 0
677 X 346 1.04549 0.00510245
677 X 347 1.04818 0.00520234
677 X 348 0.993669 0.00476068
677 X 349 1.01366 0.00530042
677 X 350 0.982611 0.00481124
677 X 351 0.998123 0.00509636
677 X 352 0.961291 0.00525909
677 X 353 0.960898 0.00514063
677 X 354 0.929402 0.00457149
677 X 355 0.922527 0.00443144
677 X 356 0.900118 0.00405593
677 X 357 1 0
677 Y 0 1 0
677 Y 1 0.859987 0.00227288
677 Y 2 0.890196 0.00279133
677 Y 3 0.892749 0.00205012
677 Y 4 0.903731 0.00199607
677 Y 5 0.874346 0.00187615
677 Y 6 0.920728 0.0020073
677 Y 7 0.904206 0.00156096
677 Y 8 0.932249 0.00169881
677 Y 9 0.930084 0.00169169
677 Y 10 0.987015 0.00197265
677 Y 11 0.988734 0.00167512
677 Y 12 0.961344 0.00128404
677 Y 13 0.970783 0.00123988
677 Y 14 0.960784 0.00119155
677 Y 15 0.964526 0.001119
677 Y 16 0.966041 0.00102095
677 Y 17 0.973078 0.000820299
677 Y 18 0.960254 0.000767232
677 Y 19 0.994733 0.000793789
677 Y 20 1.0402 0.00081624
677 Y 21 1.0275 0.000784507
677 Y 22 0.98241 0.000754846
677 Y 23 0.928883 0.000679445
677 Y 24 0.954004 0.000723005
677 Y 25 0.917693 0.000666647
677 Y 26 0.964127 0.000707778
677 Y 27 0.903072 0.000656369
677 Y 28 0.929544 0.000679268
677 Y 29 0.955788 0.000699045
677 Y 30 1.02256 0.000756656
677 Y 31 0.961752 0.000658626
677 Y 32 0.916247 0.000620553
677 Y 33 0.694398 0.000451297
677 Y 34 0.847687 0.000562682
677 Y 35 0.815106 0.000505917
677 Y 36 0.877459 0.000542198
677 Y 37 0.884643 0.000592559
677 Y 38 0.90402 0.000568528
677 Y 39 0.930028 0.000572676
677 Y 40 1.11948 0.00082439
677 Y 41 0.940052 0.00054105
677 Y 42 1.14104 0.000975261
677 Y 43 0.818509 0.000453913
677 Y 44 0.898423 0.000596564
677 Y 45 0.826417 0.00047206
677 Y 46 0.929548 0.000647256
677 Y 47 0.830038 0.000528932
677 Y 48 0.876678 0.000555389
677 Y 49 0.962384 0.000668237
677 Y 50 1.09367 0.000710045
677 Y 51 1.04903 0.000727186
677 Y 52 0.93481 0.000597247
677 Y 53 0.858402 0.00055999
677 Y 54 0.847733 0.000558527
677 Y 55 0.860588 0.000549789
677 Y 56 0.830384 0.000515618
677 Y 57 0.884652 0.000554574
677 Y 58 0.837346 0.000552205
677 Y 59 0.916059 0.000584624
677 Y 60 0.955699 0.000611399
677 Y 61 0.98103 0.000626784
677 Y 62 0.838551 0.000475402
677 Y 63 0.814876 0.000497183
677 Y 64 0.834559 0.000479175
677 Y 65 0.869214 0.000526579
677 Y 66 0.905745 0.000565227
677 Y 67 0.843638 0.00052037
677 Y 68 0.866469 0.000622349
677 Y 69 0.886311 0.000566287
677 Y 70 0.950698 0.000905027
677 Y 71 1.03663 0.00069408
677 Y 72 0.926542 0.000662493
677 Y 73 0.859295 0.000457547
677 Y 74 0.859141 0.000746782
677 Y 75 0.853473 0.000509599
677 Y 76 0.924653 0.000638631
677 Y 77 0.87496 0.000449423
677 Y 78 0.972957 0.000559728
677 Y 79 0.929483 0.000484291
677 Y 80 1.11155 0.000633046
677 Y 81 1.04212 0.000657574
677 Y 82 0.913208 0.00048913
677 Y 83 0.733054 0.000316471
677 Y 84 1.85604 0.00127668
677 Y 85 0.552987 0.000218822
677 Y 86 6.27056 0.0117188
677 Y 87 0.60679 0.000246331
677 Y 88 0.816902 0.000421115
677 Y 89 0.845967 0.000398632
677 Y 90 1.07753 0.000540092
677 Y 91 0.957052 0.000471148
677 Y 92 0.931947 0.000466053
677 Y 93 0.816563 0.000387004
677 Y 94 0.879189 0.000423506
677 Y 95 0.870678 0.00040383
677 Y 96 0.911841 0.000459896
677 Y 97 0.845593 0.00037733
677 Y 98 0.847806 0.000373803
677 Y 99 0.880008 0.000398402
677 Y 100 0.997473 0.000435419
677 Y 101 1.00158 0.000423014
677 Y 102 0.890006 0.000359772
677 Y 103 0.836186 0.000333065
677 Y 104 0.825948 0.000321451
677 Y 105 0.851574 0.000331248
677 Y 106 0.807674 0.000306853
677 Y 107 0.966879 0.000409537
677 Y 108 0.937553 0.000422187
677 Y 109 1.04734 0.00045249
677 Y 110 1.17805 0.000583244
677 Y 111 1.14932 0.000498455
677 Y 112 1.05278 0.000439999
677 Y 113 0.950969 0.000369439
677 Y 114 0.925133 0.000374184
677 Y 115 0.899377 0.000369227
677 Y 116 0.927571 0.000371311
677 Y 117 0.884165 0.000348864
677 Y 118 0.91654 0.00036336
677 Y 119 0.945115 0.000380503
677 Y 120 1.06303 0.000426846
677 Y 121 1.1029 0.000417975
677 Y 122 0.483733 0.000190586
677 Y 123 0.72366 0.000570953
677 Y 124 0.685646 0.000451383
677 Y 125 0.706319 0.00052989
677 Y 126 0.695915 0.000434523
677 Y 127 0.709548 0.000522243
677 Y 128 0.71445 0.000533145
677 Y 129 0.799744 0.000627662
677 Y 130 0.947811 0.000814424
677 Y 131 0.938361 0.000769704
677 Y 132 0.836299 0.000623938
677 Y 133 0.761357 0.000536662
677 Y 134 0.80181 0.000513911
677 Y 135 0.809051 0.000580323
677 Y 136 0.86745 0.000675767
677 Y 137 0.853367 0.000638647
677 Y 138 0.890401 0.000604488
677 Y 139 0.978803 0.000649287
677 Y 140 1.13082 0.000818442
677 Y 141 1.14997 0.000784457
677 Y 142 1.0198 0.000743595
677 Y 143 0.968913 0.000628446
677 Y 144 0.942533 0.000621775
677 Y 145 0.987719 0.000679869
677 Y 146 0.957731 0.000588721
677 Y 147 1.00823 0.000617541
677 Y 148 0.974828 0.000652591
677 Y 149 0.983207 0.00061288
677 Y 150 1.14745 0.00080417
677 Y 151 1.25229 0.000985437
677 Y 152 1.02386 0.000674174
677 Y 153 0.900411 0.000575344
677 Y 154 0.935481 0.000502734
677 Y 155 0.878386 0.000548397
677 Y 156 0.92304 0.000471269
677 Y 157 0.901223 0.000553174
677 Y 158 0.918874 0.000507201
677 Y 159 0.942255 0.000595129
677 Y 160 1.11888 0.000669045
677 Y 161 1.11609 0.000700864
677 Y 162 0.945602 0.000484159
677 Y 163 0.945722 0.000482059
677 Y 164 0.891871 0.000497771
677 Y 165 0.94501 0.000491558
677 Y 166 0.916534 0.000484371
677 Y 167 0.922599 0.000474682
677 Y 168 0.922537 0.000498196
677 Y 169 0.979744 0.000534555
677 Y 170 1.13537 0.000662923
677 Y 171 1.12548 0.00063868
677 Y 172 0.984891 0.000487778
677 Y 173 0.896494 0.000459838
677 Y 174 0.96193 0.000467337
677 Y 175 0.881113 0.000435684
677 Y 176 0.970786 0.000506396
677 Y 177 0.903257 0.000445124
677 Y 178 0.98063 0.000532128
677 Y 179 1.01742 0.000581669
677 Y 180 1.1722 0.000696498
677 Y 181 1.42093 0.000844926
677 Y 182 1.03552 0.00059177
677 Y 183 1.25252 0.00071291
677 Y 184 0.965723 0.00052775
677 Y 185 1.29055 0.000743372
677 Y 186 0.982242 0.000531877
677 Y 187 1.29814 0.000743238
677 Y 188 1.00122 0.000519246
677 Y 189 1.23929 0.000826666
677 Y 190 1.23432 0.000758091
677 Y 191 1.31997 0.000975191
677 Y 192 1.07847 0.000601019
677 Y 193 1.28006 0.000749168
677 Y 194 0.992396 0.000517658
677 Y 195 1.25128 0.0007034
677 Y 196 1.00392 0.000504341
677 Y 197 1.04957 0.000525813
677 Y 198 1.0142 0.000513303
677 Y 199 1.02086 0.000548876
677 Y 200 1.24918 0.000727543
677 Y 201 1.2022 0.000685115
677 Y 202 1.04235 0.000561373
677 Y 203 0.982913 0.000523868
677 Y 204 0.985377 0.000482569
677 Y 205 1.00427 0.000551607
677 Y 206 0.964347 0.000478993
677 Y 207 0.99163 0.000488863
677 Y 208 0.962033 0.000488476
677 Y 209 1.04 0.000551585
677 Y 210 1.15793 0.000695757
677 Y 211 1.13642 0.000709529
677 Y 212 0.716518 0.000345186
677 Y 213 10.0992 0.00857389
677 Y 214 0.680109 0.000327628
677 Y 215 0.877833 0.000484436
677 Y 216 0.92773 0.000535995
677 Y 217 0.937384 0.000540802
677 Y 218 0.980921 0.000567113
677 Y 219 1.0151 0.000634575
677 Y 220 1.23688 0.000864848
677 Y 221 1.27083 0.000893355
677 Y 222 1.12065 0.000745395
677 Y 223 0.968918 0.000574877
677 Y 224 0.988709 0.000644686
677 Y 225 0.966101 0.00057779
677 Y 226 0.976282 0.000583661
677 Y 227 0.945564 0.000637447
677 Y 228 0.935046 0.000625378
677 Y 229 1.02262 0.000658373
677 Y 230 1.14276 0.000905934
677 Y 231 1.15409 0.000844974
677 Y 232 0.936954 0.000646845
677 Y 233 0.929884 0.000642911
677 Y 234 0.887006 0.000636474
677 Y 235 0.985667 0.00058879
677 Y 236 1.01505 0.000672142
677 Y 237 0.903977 0.000472355
677 Y 238 0.956103 0.000508191
677 Y 239 0.981455 0.000508041
677 Y 240 1.18899 0.000715027
677 Y 241 1.1376 0.000678498
677 Y 242 1.02056 0.000555513
677 Y 243 0.932477 0.000507674
677 Y 244 0.989549 0.000555686
677 Y 245 0.93519 0.000508038
677 Y 246 0.976667 0.000556251
677 Y 247 0.995159 0.000596729
677 Y 248 0.983635 0.000599748
677 Y 249 1.07121 0.00070001
677 Y 250 1.22831 0.000856329
677 Y 251 1.31984 0.000996073
677 Y 252 1.04573 0.00071117
677 Y 253 1.05217 0.000759626
677 Y 254 1.0082 0.000698691
677 Y 255 1.07408 0.000787974
677 Y 256 1.0089 0.000738736
677 Y 257 1.06926 0.000842247
677 Y 258 1.03327 0.000814587
677 Y 259 1.11124 0.000908136
677 Y 260 1.3294 0.00118689
677 Y 261 1.27885 0.0011553
677 Y 262 1.1639 0.00109778
677 Y 263 0.926662 0.000665894
677 Y 264 0.970842 0.00071105
677 Y 265 0.928176 0.000731059
677 Y 266 1.00491 0.000841147
677 Y 267 0.955309 0.000715395
677 Y 268 0.979967 0.000757001
677 Y 269 0.985565 0.000864685
677 Y 270 1.24117 0.00112198
677 Y 271 1.16919 0.00104125
677 Y 272 0.996582 0.000879433
677 Y 273 0.956493 0.000832011
677 Y 274 0.97307 0.000847333
677 Y 275 0.979719 0.000924416
677 Y 276 0.944105 0.000839604
677 Y 277 0.982949 0.000866168
677 Y 278 0.952766 0.000861615
677 Y 279 1.01029 0.000884918
677 Y 280 1.15785 0.00108382
677 Y 281 1.17159 0.00106673
677 Y 282 0.961251 0.000859993
677 Y 283 0.934806 0.000819728
677 Y 284 0.902923 0.000791839
677 Y 285 0.8799 0.000774974
677 Y 286 0.89853 0.000800563
677 Y 287 0.928089 0.000935998
677 Y 288 0.849272 0.000720055
677 Y 289 0.954824 0.000884261
677 Y 290 0.923016 0.000773886
677 Y 291 1.05875 0.00106697
677 Y 292 0.817753 0.000668249
677 Y 293 0.917689 0.000922864
677 Y 294 0.798771 0.000695015
677 Y 295 0.813187 0.000670952
677 Y 296 0.674454 0.000965328
677 Y 297 0.838525 0.000756378
677 Y 298 0.625106 0.0017118
677 Y 299 0.85954 0.000846915
677 Y 300 1 0
677 Y 301 0.946921 0.000962952
677 Y 302 0.67898 0.00342265
677 Y 303 0.78271 0.00073051
677 Y 304 1.64027 0.0052182
677 Y 305 0.819462 0.000892538
677 Y 306 0.779277 0.0113855
677 Y 307 0.797626 0.000805037
677 Y 308 0.590597 0.0023485
677 Y 309 0.859323 0.000930792
677 Y 310 0.815994 0.00823954
677 Y 311 0.871927 0.00106132
677 Y 312 0.709325 0.000824213
677 Y 313 0.786272 0.000869199
677 Y 314 0.765715 0.000855167
677 Y 315 0.777283 0.0008653
677 Y 316 0.729886 0.000791891
677 Y 317 0.753933 0.000832242
677 Y 318 0.707411 0.000760571
677 Y 319 0.729819 0.000794492
677 Y 320 0.737802 0.00106889
677 Y 321 0.726388 0.000921405
677 Y 322 0.674956 0.000850912
677 Y 323 0.624154 0.000610235
677 Y 324 0.611234 0.000678897
677 Y 325 0.518537 0.000550957
677 Y 326 0.544628 0.000629866
677 Y 327 0.565139 0.000598653
677 Y 328 0.593604 0.000749619
677 Y 329 0.601616 0.000757095
677 Y 330 0.672626 0.00122406
677 Y 331 0.660328 0.00126125
677 Y 332 0.656259 0.00103346
677 Y 333 0.652871 0.00103548
677 Y 334 0.63496 0.000949863
677 Y 335 0.669942 0.00114567
677 Y 336 0.662544 0.00108219
677 Y 337 0.678704 0.00124237
677 Y 338 0.653918 0.00107947
677 Y 339 0.693489 0.00150683
677 Y 340 0.709755 0.0020937
677 Y 341 0.705308 0.00203426
677 Y 342 0.664102 0.00154385
677 Y 343 0.678809 0.00190568
677 Y 344 0.695489 0.00244559
677 Y 345 0.654552 0.00187872
677 Y 346 0.654377 0.00218578
677 Y 347 0.663972 0.00214757
677 Y 348 0.65782 0.00250207
677 Y 349 0.646158 0.00159069
677 Y 350 0.678427 0.00233263
677 Y 351 0.693017 0.00289587
677 Y 352 0.659922 0.00231363
677 Y 353 0.631243 0.00198937
677 Y 354 0.60433 0.0015412
677 Y 355 0.624553 0.00240998
677 Y 356 0.606891 0.0019469
677 Y 357 0.596935 0.00213591
