# Ch COld  C1WfFixed  C1WfFixedCMN C1WfSliding C1WfSlidingCMN CCumFixed CCumFixedCMN CCumSliding CCumSlidingCMN Entries
0 0 0 0 0 0 0 0 0 0
1 0.458466 0.800378 0.74264 0.802316 0.742536 0.00806285 0.00731029 0.80014 0 1
2 0.432766 0.757387 0.70879 0.75734 0.710055 0.00765544 0.00698969 0.754724 4.94066e-324 1
3 0.552525 0.97098 0.891625 0.96692 0.891932 0.00987206 0.00300631 0.964269 6.79802e-312 1
4 0.594083 1.03788 0.978778 1.03964 0.97508 0.0103898 0.00729189 1.03861 5.54399e-312 1
5 0.346546 0.608355 0.53978 0.606456 0.551693 0.00597986 0.000616179 0.60503 0 1
6 0.113108 0.19891 0.0198547 0.197939 0.0730816 0.000333671 1.09724e-05 0.0455597 2.33316e-318 1
7 0.102675 0.164977 0.0327083 0.17968 0.0601969 0.000450687 2.68459e-05 0.080096 6.55332e-312 1
8 0.118301 0.174328 0.00274934 0.207026 0.133394 0.00118997 3.01323e-07 0.127047 0 1
9 0.4482 0.77835 0.587579 0.78435 0.60576 0.00795965 0.000497745 0.778977 8.98934e-312 1
10 0.462821 0.807678 0.674149 0.809937 0.680936 0.00795041 0.000843178 0.806527 7.91132e-312 1
11 0.516751 0.905775 0.83731 0.904314 0.833713 0.00902085 0.00370347 0.901628 0 1
12 0.577619 1.01371 0.947938 1.01083 0.943413 0.00997681 0.0052318 1.00834 1.21767e-319 1
13 0.495205 0.869081 0.784757 0.866609 0.791227 0.00858429 0.00183707 0.863993 0 1
14 0.458713 0.801694 0.749102 0.802748 0.750473 0.0079371 0.00736883 0.800006 1.93387e-318 1
15 0.53487 0.886814 0.800516 0.936023 0.830237 0.00900503 0.00791542 0.934636 2.07851e-318 1
16 0 0 0 0 0 0 0 0 0
17 0 0 0 0 0 0 0 0 0
18 0 0 0 0 0 0 0 0 0
19 0 0 0 0 0 0 0 0 0
20 0 0 0 0 0 0 0 0 0
21 0 0 0 0 0 0 0 0 0
22 0 0 0 0 0 0 0 0 0
23 0 0 0 0 0 0 0 0 0
24 0 0 0 0 0 0 0 0 0
25 0 0 0 0 0 0 0 0 0
26 0 0 0 0 0 0 0 0 0
27 0 0 0 0 0 0 0 0 0
28 0 0 0 0 0 0 0 0 0
29 0 0 0 0 0 0 0 0 0
30 0 0 0 0 0 0 0 0 0
31 0 0 0 0 0 0 0 0 0
