==== Calibration LogFile ChCalib ====

--- Fit Summary ---
Chi2: 55.2341
EDM: 5.65806e-13
ErrDef: 1
Varying parameters: 14
Total parameters: 15
Status: 3
=== Covariance Matrix ===
     2.212    -0.7651      6.127    -0.1196   0.002071    0.01083  -0.004494   0.003987  -0.003906   0.003503  -0.003364   0.002905  -0.003101   0.001162          0          0 
   -0.7651        0.3     -2.608    0.05987   -0.01099  0.0001526  0.0001536 -0.0002312   0.000275 -0.0002568  0.0002495 -0.0002162  0.0002313 -8.674e-05          0          0 
     6.127     -2.608         24    -0.6041     0.1612   -0.02973   0.009045  -0.006586   0.005716  -0.004973   0.004733  -0.004076   0.004343  -0.001626          0          0 
   -0.1196    0.05987    -0.6041    0.01852  -0.007787   0.002507 -0.0008771  0.0007068  -0.000656  0.0005807 -0.0005555  0.0004793 -0.0005111  0.0001914          0          0 
  0.002071   -0.01099     0.1612  -0.007787   0.007163  -0.003234   0.001188 -0.0009869  0.0009325 -0.0008291  0.0007943 -0.0006855  0.0007312 -0.0002739          0          0 
   0.01083  0.0001526   -0.02973   0.002507  -0.003234   0.002365 -0.0009084  0.0007741 -0.0007421  0.0006621 -0.0006349  0.0005482 -0.0005849  0.0002191          0          0 
 -0.004494  0.0001536   0.009045 -0.0008771   0.001188 -0.0009084  0.0006798 -0.0007356  0.0007884 -0.0007213  0.0006967 -0.0006027  0.0006441 -0.0002414          0          0 
  0.003987 -0.0002312  -0.006586  0.0007068 -0.0009869  0.0007741 -0.0007356   0.003045  -0.004207    0.00403  -0.003942   0.003423  -0.003667   0.001376          0          0 
 -0.003906   0.000275   0.005716  -0.000656  0.0009325 -0.0007421  0.0007884  -0.004207   0.009902   -0.01009    0.01003  -0.008749   0.009402  -0.003532          0          0 
  0.003503 -0.0002568  -0.004973  0.0005807 -0.0008291  0.0006621 -0.0007213    0.00403   -0.01009     0.0145   -0.01545    0.01373   -0.01495   0.005642          0          0 
 -0.003364  0.0002495   0.004733 -0.0005555  0.0007943 -0.0006349  0.0006967  -0.003942    0.01003   -0.01545    0.02019   -0.01881    0.02109  -0.008053          0          0 
  0.002905 -0.0002162  -0.004076  0.0004793 -0.0006855  0.0005482 -0.0006027   0.003423  -0.008749    0.01373   -0.01881    0.01981   -0.02379    0.00931          0          0 
 -0.003101  0.0002313   0.004343 -0.0005111  0.0007312 -0.0005849  0.0006441  -0.003667   0.009402   -0.01495    0.02109   -0.02379    0.03396   -0.01402          0          0 
  0.001162 -8.674e-05  -0.001626  0.0001914 -0.0002739  0.0002191 -0.0002414   0.001376  -0.003532   0.005642  -0.008053    0.00931   -0.01402    0.01105          0          0 
         0          0          0          0          0          0          0          0          0          0          0          0          0          0          0          0 
         0          0          0          0          0          0          0          0          0          0          0          0          0          0          0          0 


Calibration Coefficients:
c[1] = -5.386 +- 1.487
c[2] = 2.601 +- 0.5477
c[3] = -6.286 +- 4.899
c[4] = 0.9833 +- 0.1361
c[5] = 0.6887 +- 0.08464
c[6] = 0.7529 +- 0.04863
c[7] = 0.6295 +- 0.02607
c[8] = 0.5709 +- 0.05518
c[9] = 0.5039 +- 0.09951
c[10] = 0.7365 +- 0.1204
c[11] = 0.4923 +- 0.1421
c[12] = 0.9403 +- 0.1408
c[13] = 0.2611 +- 0.1843
c[14] = 1.001 +- 0.1051
--------------------------
