==== Calibration LogFile ChCalib ====
==== X - STRIPS ====

--- Fit Summary ---
Chi2: 4377.43
EDM: 4.5537e-06
ErrDef: 1
Varying parameters: 18
Total parameters: 18
Status: 3
=== Covariance Matrix ===
 0.0007497  0.0001512  2.851e-05 -9.326e-05  5.505e-05 -1.317e-05 -2.679e-05  2.767e-05  -2.29e-05 -1.913e-05 -4.169e-05  3.383e-06 -1.034e-05 -1.186e-05  1.761e-05 -0.0001093 -3.199e-05  1.022e-05 
 0.0001512   0.001168 -6.634e-05  0.0004142 -4.205e-05   9.13e-07 -1.685e-06  5.087e-05 -4.273e-05  2.584e-06 -1.986e-05  4.106e-05   1.23e-05  7.112e-06  3.001e-06   2.44e-06 -2.965e-05  6.651e-05 
 2.851e-05 -6.634e-05  0.0002332 -0.0001166 -9.663e-06   2.45e-05  5.514e-06 -1.969e-05  3.574e-05 -2.206e-05  4.071e-06 -5.021e-06  2.716e-05  1.214e-06 -1.198e-05 -2.682e-05 -5.193e-06 -2.159e-05 
-9.326e-05  0.0004142 -0.0001166   0.002812 -3.627e-05  7.077e-06  -1.99e-05  9.296e-05   2.64e-05 -1.514e-05  -0.000186  8.848e-05  1.442e-05  7.532e-06  9.001e-05 -5.596e-05 -5.294e-05  8.538e-05 
 5.505e-05 -4.205e-05 -9.663e-06 -3.627e-05  6.826e-05  5.691e-06  6.323e-06  7.374e-06   7.87e-06  3.039e-05 -1.287e-05 -6.507e-06  3.138e-06 -1.664e-05  2.451e-06  -5.14e-05 -7.973e-06 -1.384e-05 
-1.317e-05   9.13e-07   2.45e-05  7.077e-06  5.691e-06  6.864e-05 -3.474e-06  1.607e-05 -6.383e-06  6.917e-06 -1.924e-06  1.089e-05  6.323e-06  6.157e-06 -9.872e-06 -8.273e-07  5.505e-06   6.25e-06 
-2.679e-05 -1.685e-06  5.514e-06  -1.99e-05  6.323e-06 -3.474e-06  4.604e-05 -1.406e-06  5.803e-06  1.234e-05   9.82e-07  -3.49e-06  2.071e-06 -8.676e-06 -4.469e-05  7.572e-06    4.6e-06  1.194e-06 
 2.767e-05  5.087e-05 -1.969e-05  9.296e-05  7.374e-06  1.607e-05 -1.406e-06  6.165e-05  -1.83e-05  5.303e-06 -1.679e-06  3.132e-05 -2.778e-06 -2.924e-06 -7.384e-06  1.421e-05 -3.168e-06  1.314e-05 
 -2.29e-05 -4.273e-05  3.574e-05   2.64e-05   7.87e-06 -6.383e-06  5.803e-06  -1.83e-05  7.656e-05    1.1e-05 -7.819e-06 -1.163e-05  1.971e-05  -3.04e-06  2.281e-05 -1.848e-05 -2.992e-06 -1.349e-05 
-1.913e-05  2.584e-06 -2.206e-05 -1.514e-05  3.039e-05  6.917e-06  1.234e-05  5.303e-06    1.1e-05  0.0001169   1.37e-05 -5.931e-06  1.127e-05  2.848e-05  2.872e-05  4.106e-05  4.828e-06  4.813e-06 
-4.169e-05 -1.986e-05  4.071e-06  -0.000186 -1.287e-05 -1.924e-06   9.82e-07 -1.679e-06 -7.819e-06   1.37e-05  0.0001061  4.431e-06  1.266e-06 -2.938e-06  1.488e-05  7.937e-06  2.639e-06 -2.315e-06 
 3.383e-06  4.106e-05 -5.021e-06  8.848e-05 -6.507e-06  1.089e-05  -3.49e-06  3.132e-05 -1.163e-05 -5.931e-06  4.431e-06  4.295e-05 -9.581e-07  2.038e-07 -3.092e-06  1.267e-05 -2.814e-06  9.769e-06 
-1.034e-05   1.23e-05  2.716e-05  1.442e-05  3.138e-06  6.323e-06  2.071e-06 -2.778e-06  1.971e-05  1.127e-05  1.266e-06 -9.581e-07  4.543e-05 -9.596e-06   2.46e-05 -4.628e-06  1.065e-06  2.021e-07 
-1.186e-05  7.112e-06  1.214e-06  7.532e-06 -1.664e-05  6.157e-06 -8.676e-06 -2.924e-06  -3.04e-06  2.848e-05 -2.938e-06  2.038e-07 -9.596e-06  0.0002532 -2.842e-05  4.352e-05  1.007e-05  1.027e-05 
 1.761e-05  3.001e-06 -1.198e-05  9.001e-05  2.451e-06 -9.872e-06 -4.469e-05 -7.384e-06  2.281e-05  2.872e-05  1.488e-05 -3.092e-06   2.46e-05 -2.842e-05  0.0005894 -4.011e-05 -5.352e-06 -6.142e-06 
-0.0001093   2.44e-06 -2.682e-05 -5.596e-05  -5.14e-05 -8.273e-07  7.572e-06  1.421e-05 -1.848e-05  4.106e-05  7.937e-06  1.267e-05 -4.628e-06  4.352e-05 -4.011e-05    0.03689  8.463e-05  7.593e-05 
-3.199e-05 -2.965e-05 -5.193e-06 -5.294e-05 -7.973e-06  5.505e-06    4.6e-06 -3.168e-06 -2.992e-06  4.828e-06  2.639e-06 -2.814e-06  1.065e-06  1.007e-05 -5.352e-06  8.463e-05  2.001e-05  9.095e-06 
 1.022e-05  6.651e-05 -2.159e-05  8.538e-05 -1.384e-05   6.25e-06  1.194e-06  1.314e-05 -1.349e-05  4.813e-06 -2.315e-06  9.769e-06  2.021e-07  1.027e-05 -6.142e-06  7.593e-05  9.095e-06  3.036e-05 


Calibration Coefficients:
c[0] = 1.043 +- 0.02738
c[1] = 1.214 +- 0.03417
c[2] = 0.7289 +- 0.01527
c[3] = 3.634 +- 0.05303
c[4] = 0.7378 +- 0.008262
c[5] = 0.6543 +- 0.008285
c[6] = 0.4275 +- 0.006785
c[7] = 0.4586 +- 0.007852
c[8] = 0.5127 +- 0.00875
c[9] = 0.5804 +- 0.01081
c[10] = 0.5394 +- 0.0103
c[11] = 0.4696 +- 0.006554
c[12] = 0.482 +- 0.00674
c[13] = 0.6719 +- 0.01591
c[14] = 0.5121 +- 0.02428
c[15] = 2.546 +- 0.1921
c[16] = 0.1481 +- 0.004473
c[17] = 0.6775 +- 0.00551
--------------------------
==== Y - STRIPS ====

--- Fit Summary ---
Chi2: 1670
EDM: 5.982
ErrDef: 1
Varying parameters: 18
Total parameters: 18
Status: 1
=== Covariance Matrix ===
     2e+04          0          0          0          0          0          0          0          0          0          0          0          0          0          0          0          0          0 
         0      30.74          0   -0.04658     0.7721     -10.89    0.01805   0.002212    0.01434     0.4355      2.598     0.8519      0.117      1.066    0.08279          0     0.9992    -0.6619 
         0          0      2e+04          0          0          0          0          0          0          0          0          0          0          0          0          0          0          0 
         0   -0.04658          0    0.00887 -0.0007234    0.01034  3.557e-05 -3.424e-06  0.0003396  -0.003013   0.002685  6.861e-05 -0.0006869  -0.009558 -0.0009715          0   -0.00202   0.001339 
         0     0.7721          0 -0.0007234     0.7357    -0.5049  0.0002888   0.000106   0.002222     0.0332     0.1581    0.02801   0.004013      0.095   0.002217          0    0.03276    -0.0217 
         0     -10.89          0    0.01034    -0.5049      22.42   -0.02297  -0.003042   -0.04803    -0.2086     -2.695     -1.098    -0.1292    -0.8727   -0.05378          0     -1.157     0.7664 
         0    0.01805          0  3.557e-05  0.0002888   -0.02297  7.338e-05  6.175e-06  8.499e-05  0.0007066    0.00433   0.001968  0.0001831   0.001036  3.686e-06          0   0.001868  -0.001238 
         0   0.002212          0 -3.424e-06   0.000106  -0.003042  6.175e-06  2.415e-06  4.589e-06  0.0001349  0.0006818  0.0002591  3.189e-05   0.000183  7.802e-06          0   0.000305 -0.0002021 
         0    0.01434          0  0.0003396   0.002222   -0.04803  8.499e-05  4.589e-06  0.0007612   0.001681    0.01078   0.004118  0.0004152  0.0009018  -0.000205          0    0.00371  -0.002458 
         0     0.4355          0  -0.003013     0.0332    -0.2086  0.0007066  0.0001349   0.001681     0.1139    0.05662    0.03037   0.005242    0.04519   0.003401          0    0.03945   -0.02614 
         0      2.598          0   0.002685     0.1581     -2.695    0.00433  0.0006818    0.01078    0.05662     0.9431     0.1905    0.02614      0.138    0.01023          0      0.222     -0.147 
         0     0.8519          0  6.861e-05    0.02801     -1.098   0.001968  0.0002591   0.004118    0.03037     0.1905     0.1881   0.007689    0.07637   0.002776          0    0.09995   -0.06621 
         0      0.117          0 -0.0006869   0.004013    -0.1292  0.0001831  3.189e-05  0.0004152   0.005242    0.02614   0.007689   0.004582    0.01327  0.0004819          0    0.01495  -0.009904 
         0      1.066          0  -0.009558      0.095    -0.8727   0.001036   0.000183  0.0009018    0.04519      0.138    0.07637    0.01327      0.203   0.005593          0    0.08367   -0.05544 
         0    0.08279          0 -0.0009715   0.002217   -0.05378  3.686e-06  7.802e-06  -0.000205   0.003401    0.01023   0.002776  0.0004819   0.005593   0.002031          0   0.003074  -0.002037 
         0          0          0          0          0          0          0          0          0          0          0          0          0          0          0      2e+04          0          0 
         0     0.9992          0   -0.00202    0.03276     -1.157   0.001868   0.000305    0.00371    0.03945      0.222    0.09995    0.01495    0.08367   0.003074          0     0.1025    -0.0679 
         0    -0.6619          0   0.001339    -0.0217     0.7664  -0.001238 -0.0002021  -0.002458   -0.02614     -0.147   -0.06621  -0.009904   -0.05544  -0.002037          0    -0.0679    0.04499 


Calibration Coefficients:
c[0] = 1 +- 149.8
c[1] = 46.12 +- 5.541
c[2] = 1 +- 149.8
c[3] = 100 +- 0.8366
c[4] = 99.98 +- 8.387
c[5] = 50.84 +- 4.733
c[6] = 0.1166 +- 0.008566
c[7] = 0.01955 +- 0.001554
c[8] = 0.2571 +- 0.02759
c[9] = 2.078 +- 0.3376
c[10] = 10.56 +- 0.9711
c[11] = 5.338 +- 0.4337
c[12] = 0.9039 +- 0.06769
c[13] = 4.954 +- 0.4506
c[14] = 0.1261 +- 0.04506
c[15] = 1 +- 149.8
c[16] = -7.426 +- 0.3201
c[17] = 6.546 +- 0.2121
--------------------------
