==== Calibration LogFile ChCalib ====
==== X - STRIPS ====

--- Fit Summary ---
Chi2: 888.646
EDM: 3.3143e-06
ErrDef: 1
Varying parameters: 18
Total parameters: 18
Status: 3
=== Covariance Matrix ===
   0.05947 -5.303e-06 -0.0008748  -0.004016  0.0002344 -1.718e-05 -0.0003324  0.0002114 -7.628e-05  0.0003879 -0.0003785  0.0003344  0.0002084  0.0002803  0.0005615  -0.001118  8.862e-05  3.182e-05 
-5.303e-06  0.0009335  2.837e-05 -0.0002362  -4.04e-05 -1.996e-05  3.524e-05  1.475e-05  4.577e-06 -2.649e-05   8.32e-06    8.5e-06  6.235e-06  3.329e-05  2.364e-05 -0.0002777 -4.632e-05  1.565e-05 
-0.0008748  2.837e-05  6.667e-05 -5.499e-05 -2.717e-06 -1.993e-05  2.392e-06  7.921e-06  1.527e-05  4.151e-06 -2.121e-06    5.1e-06  4.885e-06 -9.318e-06  1.213e-06 -0.0001008 -1.803e-05 -2.897e-06 
 -0.004016 -0.0002362 -5.499e-05   0.008451  -3.97e-05  0.0001724  2.671e-05   -8.6e-06 -9.241e-05 -0.0001399 -1.376e-05 -2.086e-05  -0.000148  1.819e-05    0.00046 -4.653e-05  4.044e-05  2.289e-05 
 0.0002344  -4.04e-05 -2.717e-06  -3.97e-05  5.103e-05 -2.546e-06 -8.387e-06 -3.506e-06 -9.985e-07   1.01e-05 -6.195e-07 -1.671e-06  1.466e-06  5.711e-06 -2.697e-06  4.856e-07 -2.073e-06 -1.105e-05 
-1.718e-05 -1.996e-05 -1.993e-05  0.0001724 -2.546e-06  0.0001729 -1.773e-05 -1.352e-05  9.097e-06  -1.29e-06 -3.434e-06 -1.331e-05      3e-06 -2.562e-06 -2.885e-05   8.46e-05  2.397e-05    1.4e-05 
-0.0003324  3.524e-05  2.392e-06  2.671e-05 -8.387e-06 -1.773e-05  9.588e-05  2.994e-05  1.989e-05  -1.59e-05  2.489e-05  2.444e-05  1.724e-06 -1.387e-05 -2.225e-05 -5.334e-05 -2.156e-05 -1.359e-05 
 0.0002114  1.475e-05  7.921e-06   -8.6e-06 -3.506e-06 -1.352e-05  2.994e-05  4.886e-05  1.342e-05  -5.06e-06  4.498e-07  2.591e-05  1.875e-06 -3.617e-06  2.663e-06 -7.692e-05 -1.448e-05 -1.288e-06 
-7.628e-05  4.577e-06  1.527e-05 -9.241e-05 -9.985e-07  9.097e-06  1.989e-05  1.342e-05  8.506e-05  2.724e-06 -1.969e-05  1.232e-05  1.644e-05  -2.85e-05 -6.326e-06 -7.119e-05 -2.015e-05 -1.839e-05 
 0.0003879 -2.649e-05  4.151e-06 -0.0001399   1.01e-05  -1.29e-06  -1.59e-05  -5.06e-06  2.724e-06  7.889e-05  1.599e-05  -2.31e-06  1.917e-05 -5.223e-06  2.096e-05 -5.598e-05 -8.838e-06 -1.251e-05 
-0.0003785   8.32e-06 -2.121e-06 -1.376e-05 -6.195e-07 -3.434e-06  2.489e-05  4.498e-07 -1.969e-05  1.599e-05  0.0001166 -2.239e-06  1.662e-05  -9.43e-06 -1.445e-08 -1.902e-05 -6.205e-06 -5.259e-06 
 0.0003344    8.5e-06    5.1e-06 -2.086e-05 -1.671e-06 -1.331e-05  2.444e-05  2.591e-05  1.232e-05  -2.31e-06 -2.239e-06  3.833e-05   2.54e-06 -2.458e-06  5.901e-06 -7.556e-05 -1.343e-05 -1.996e-06 
 0.0002084  6.235e-06  4.885e-06  -0.000148  1.466e-06      3e-06  1.724e-06  1.875e-06  1.644e-05  1.917e-05  1.662e-05   2.54e-06  5.128e-05 -2.127e-05    1.9e-05  -5.24e-05  -9.96e-06  -9.36e-06 
 0.0002803  3.329e-05 -9.318e-06  1.819e-05  5.711e-06 -2.562e-06 -1.387e-05 -3.617e-06  -2.85e-05 -5.223e-06  -9.43e-06 -2.458e-06 -2.127e-05  0.0001876 -4.278e-05 -2.748e-06  9.914e-07 -1.407e-06 
 0.0005615  2.364e-05  1.213e-06    0.00046 -2.697e-06 -2.885e-05 -2.225e-05  2.663e-06 -6.326e-06  2.096e-05 -1.445e-08  5.901e-06    1.9e-05 -4.278e-05  0.0005902 -2.265e-05 -7.447e-06 -9.919e-06 
 -0.001118 -0.0002777 -0.0001008 -4.653e-05  4.856e-07   8.46e-05 -5.334e-05 -7.692e-05 -7.119e-05 -5.598e-05 -1.902e-05 -7.556e-05  -5.24e-05 -2.748e-06 -2.265e-05    0.04667  0.0001512  7.224e-05 
 8.862e-05 -4.632e-05 -1.803e-05  4.044e-05 -2.073e-06  2.397e-05 -2.156e-05 -1.448e-05 -2.015e-05 -8.838e-06 -6.205e-06 -1.343e-05  -9.96e-06  9.914e-07 -7.447e-06  0.0001512  4.104e-05  2.338e-05 
 3.182e-05  1.565e-05 -2.897e-06  2.289e-05 -1.105e-05    1.4e-05 -1.359e-05 -1.288e-06 -1.839e-05 -1.251e-05 -5.259e-06 -1.996e-06  -9.36e-06 -1.407e-06 -9.919e-06  7.224e-05  2.338e-05  4.339e-05 


Calibration Coefficients:
c[0] = 1.757 +- 0.2439
c[1] = 0.9957 +- 0.03055
c[2] = 0.4618 +- 0.008165
c[3] = 6.772 +- 0.09193
c[4] = 0.5087 +- 0.007144
c[5] = 0.6542 +- 0.01315
c[6] = 0.4512 +- 0.009792
c[7] = 0.4506 +- 0.00699
c[8] = 0.467 +- 0.009223
c[9] = 0.566 +- 0.008882
c[10] = 0.5388 +- 0.0108
c[11] = 0.4626 +- 0.006191
c[12] = 0.4854 +- 0.007161
c[13] = 0.7066 +- 0.0137
c[14] = 0.4959 +- 0.02429
c[15] = 2.896 +- 0.216
c[16] = 0.2292 +- 0.006406
c[17] = 0.7569 +- 0.006587
--------------------------
