==== Calibration LogFile ChCalib ====
==== X - STRIPS ====

--- Fit Summary ---
Chi2: 894.14
EDM: 1.98419e-06
ErrDef: 1
Varying parameters: 18
Total parameters: 18
Status: 3
=== Covariance Matrix ===
   0.06314  0.0004351 -0.0009275   0.003039 -0.0001687  -0.000133 -3.444e-05  0.0002428  4.096e-05  4.098e-05 -0.0006125  0.0003032   0.000166  0.0004884  0.0004107 -3.824e-05  8.907e-05  4.521e-05 
 0.0004351    0.00102   3.83e-05 -0.0001175 -2.212e-05 -2.049e-05  2.089e-05  1.959e-05  1.427e-05  2.838e-07  1.376e-05  2.399e-05  2.321e-06  4.221e-06 -4.565e-05 -0.0001816  -4.18e-05  2.546e-05 
-0.0009275   3.83e-05  6.612e-05 -1.739e-05 -1.797e-06 -2.019e-05  5.386e-06  7.237e-06   9.91e-06   2.19e-06 -5.516e-06  9.406e-06 -1.272e-06   2.64e-06 -6.896e-06  -8.18e-05 -1.741e-05 -2.378e-06 
  0.003039 -0.0001175 -1.739e-05   0.008801  -0.000112 -9.205e-05 -0.0001196 -4.332e-05  2.468e-05  8.888e-05   4.63e-05 -2.705e-05  3.667e-05 -8.659e-05 -0.0004912 -0.0002471  7.895e-06  2.252e-05 
-0.0001687 -2.212e-05 -1.797e-06  -0.000112  4.862e-05  3.943e-06  4.578e-06  1.133e-07  2.595e-07  7.556e-07  5.763e-06 -1.279e-06 -2.254e-07  2.454e-06  1.767e-05 -2.377e-05 -3.069e-06 -1.105e-05 
 -0.000133 -2.049e-05 -2.019e-05 -9.205e-05  3.943e-06  0.0001693 -1.455e-05 -1.185e-05 -5.305e-06 -9.299e-06 -5.651e-06 -1.356e-05 -1.024e-05 -9.987e-06 -2.626e-05  4.178e-05  2.043e-05  1.132e-05 
-3.444e-05  2.089e-05  5.386e-06 -0.0001196  4.578e-06 -1.455e-05  7.291e-05  3.049e-05  1.588e-05  -4.25e-06  1.581e-05  2.359e-05 -4.913e-07 -2.424e-05  -5.67e-07 -6.099e-05 -2.111e-05 -1.518e-05 
 0.0002428  1.959e-05  7.237e-06 -4.332e-05  1.133e-07 -1.185e-05  3.049e-05  5.502e-05  3.047e-06 -4.264e-06  1.093e-05   2.76e-05   -5.1e-06 -1.103e-06 -1.236e-05 -6.584e-05 -1.427e-05 -6.009e-07 
 4.096e-05  1.427e-05   9.91e-06  2.468e-05  2.595e-07 -5.305e-06  1.588e-05  3.047e-06  7.418e-05  4.261e-06 -1.228e-05  6.287e-06  1.586e-05 -4.448e-05   2.25e-05 -4.709e-05 -1.862e-05 -2.073e-05 
 4.098e-05  2.838e-07   2.19e-06  8.888e-05  7.556e-07 -9.299e-06  -4.25e-06 -4.264e-06  4.261e-06  6.295e-05  1.831e-05 -3.951e-06  1.384e-05  8.366e-06  2.619e-05 -3.515e-05 -9.219e-06 -1.145e-05 
-0.0006125  1.376e-05 -5.516e-06   4.63e-05  5.763e-06 -5.651e-06  1.581e-05  1.093e-05 -1.228e-05  1.831e-05  0.0001136 -1.799e-06  8.218e-06  -3.56e-06  6.939e-07 -1.434e-05 -6.463e-06 -4.836e-06 
 0.0003032  2.399e-05  9.406e-06 -2.705e-05 -1.279e-06 -1.356e-05  2.359e-05   2.76e-05  6.287e-06 -3.951e-06 -1.799e-06  3.805e-05 -3.316e-06  5.479e-07 -6.569e-06  -6.63e-05 -1.424e-05 -1.984e-06 
  0.000166  2.321e-06 -1.272e-06  3.667e-05 -2.254e-07 -1.024e-05 -4.913e-07   -5.1e-06  1.586e-05  1.384e-05  8.218e-06 -3.316e-06  4.837e-05 -1.397e-05  5.218e-05 -3.506e-05 -8.014e-06 -1.102e-05 
 0.0004884  4.221e-06   2.64e-06 -8.659e-05  2.454e-06 -9.987e-06 -2.424e-05 -1.103e-06 -4.448e-05  8.366e-06  -3.56e-06  5.479e-07 -1.397e-05  0.0002477  1.401e-06  8.145e-07  4.986e-07  9.432e-07 
 0.0004107 -4.565e-05 -6.896e-06 -0.0004912  1.767e-05 -2.626e-05  -5.67e-07 -1.236e-05   2.25e-05  2.619e-05  6.939e-07 -6.569e-06  5.218e-05  1.401e-06  0.0005462 -6.999e-05 -1.417e-05 -2.684e-05 
-3.824e-05 -0.0001816  -8.18e-05 -0.0002471 -2.377e-05  4.178e-05 -6.099e-05 -6.584e-05 -4.709e-05 -3.515e-05 -1.434e-05  -6.63e-05 -3.506e-05  8.145e-07 -6.999e-05    0.04665  0.0001331   6.42e-05 
 8.907e-05  -4.18e-05 -1.741e-05  7.895e-06 -3.069e-06  2.043e-05 -2.111e-05 -1.427e-05 -1.862e-05 -9.219e-06 -6.463e-06 -1.424e-05 -8.014e-06  4.986e-07 -1.417e-05  0.0001331  4.199e-05  2.617e-05 
 4.521e-05  2.546e-05 -2.378e-06  2.252e-05 -1.105e-05  1.132e-05 -1.518e-05 -6.009e-07 -2.073e-05 -1.145e-05 -4.836e-06 -1.984e-06 -1.102e-05  9.432e-07 -2.684e-05   6.42e-05  2.617e-05  4.733e-05 


Calibration Coefficients:
c[0] = 1.756 +- 0.2513
c[1] = 0.9947 +- 0.03195
c[2] = 0.4618 +- 0.008131
c[3] = 6.768 +- 0.09381
c[4] = 0.509 +- 0.006973
c[5] = 0.6534 +- 0.01301
c[6] = 0.452 +- 0.008539
c[7] = 0.4505 +- 0.007417
c[8] = 0.468 +- 0.008613
c[9] = 0.5706 +- 0.007934
c[10] = 0.5346 +- 0.01066
c[11] = 0.4642 +- 0.006168
c[12] = 0.4857 +- 0.006955
c[13] = 0.7065 +- 0.01574
c[14] = 0.4967 +- 0.02337
c[15] = 2.893 +- 0.216
c[16] = 0.228 +- 0.00648
c[17] = 0.7549 +- 0.00688
--------------------------
