==== Calibration LogFile ChCalib ====
==== X - STRIPS ====

--- Fit Summary ---
Chi2: 811.786
EDM: 4.53991e-06
ErrDef: 1
Varying parameters: 18
Total parameters: 18
Status: 3
=== Covariance Matrix ===
   0.06267   0.002672  0.0009495  -0.001789 -0.0003385  0.0004883  0.0001734   0.000152 -0.0001644  0.0004559 -0.0002561 -0.0001799 -0.0003445  2.371e-05   -0.00025    0.00141 -0.0002513  4.171e-05 
  0.002672  0.0009948  1.166e-06 -0.0003861  -1.87e-05 -2.996e-05  7.649e-06  1.796e-06 -3.266e-05  1.728e-05 -8.185e-06  2.118e-05  1.285e-06 -2.459e-05 -1.347e-05 -0.0001358 -3.886e-05  1.518e-05 
 0.0009495  1.166e-06  7.527e-05   -2.3e-05 -1.269e-05 -3.865e-06  2.148e-05  2.926e-05 -8.614e-07  2.298e-05  6.565e-07  1.596e-05 -3.109e-06 -7.141e-06 -7.022e-06 -5.005e-05 -1.941e-05  9.603e-07 
 -0.001789 -0.0003861   -2.3e-05   0.009033  8.794e-05  7.018e-05 -0.0001204  8.808e-08 -0.0002381 -6.233e-05 -3.659e-05 -2.594e-05 -0.0001885 -0.0001471  0.0001418 -5.102e-05  4.471e-05  4.293e-05 
-0.0003385  -1.87e-05 -1.269e-05  8.794e-05  6.104e-05  5.858e-07  1.379e-06 -2.195e-06  5.394e-06 -7.311e-06 -1.115e-06 -7.464e-06  7.248e-07 -7.605e-06  2.018e-05 -3.554e-05 -3.134e-06 -1.578e-05 
 0.0004883 -2.996e-05 -3.865e-06  7.018e-05  5.858e-07   0.000176 -3.345e-05 -2.563e-05  1.156e-05  3.617e-06 -5.327e-07 -1.339e-05 -1.153e-05 -7.293e-06 -5.741e-06  2.678e-06  2.582e-05  1.871e-05 
 0.0001734  7.649e-06  2.148e-05 -0.0001204  1.379e-06 -3.345e-05  7.769e-05   2.41e-05  3.279e-05 -7.154e-06 -2.103e-05  6.372e-07  1.204e-05 -1.108e-05  3.132e-06 -8.159e-05 -2.445e-05 -2.086e-05 
  0.000152  1.796e-06  2.926e-05  8.808e-08 -2.195e-06 -2.563e-05   2.41e-05   5.53e-05 -1.541e-06  3.063e-06   6.01e-06 -3.505e-06  1.012e-05 -1.216e-05   1.51e-07 -0.0001112 -1.466e-05 -1.339e-06 
-0.0001644 -3.266e-05 -8.614e-07 -0.0002381  5.394e-06  1.156e-05  3.279e-05 -1.541e-06  0.0001156 -7.122e-06 -2.022e-05  5.538e-06  2.617e-05 -3.779e-06 -9.042e-07 -5.154e-05 -2.133e-05 -2.895e-05 
 0.0004559  1.728e-05  2.298e-05 -6.233e-05 -7.311e-06  3.617e-06 -7.154e-06  3.063e-06 -7.122e-06  8.625e-05  3.291e-05  1.553e-05  9.506e-06 -1.016e-06 -5.754e-06 -3.324e-05 -1.573e-05  -9.65e-06 
-0.0002561 -8.185e-06  6.565e-07 -3.659e-05 -1.115e-06 -5.327e-07 -2.103e-05   6.01e-06 -2.022e-05  3.291e-05  0.0001052 -9.541e-07  2.706e-05 -3.821e-06  -4.09e-06  -4.51e-05 -6.445e-06 -6.018e-06 
-0.0001799  2.118e-05  1.596e-05 -2.594e-05 -7.464e-06 -1.339e-05  6.372e-07 -3.505e-06  5.538e-06  1.553e-05 -9.541e-07  7.211e-05 -2.195e-06 -5.465e-06 -3.016e-06 -2.512e-05 -1.425e-05  3.583e-06 
-0.0003445  1.285e-06 -3.109e-06 -0.0001885  7.248e-07 -1.153e-05  1.204e-05  1.012e-05  2.617e-05  9.506e-06  2.706e-05 -2.195e-06  6.386e-05 -1.428e-05 -4.861e-06 -5.567e-05 -1.483e-05 -1.663e-05 
 2.371e-05 -2.459e-05 -7.141e-06 -0.0001471 -7.605e-06 -7.293e-06 -1.108e-05 -1.216e-05 -3.779e-06 -1.016e-06 -3.821e-06 -5.465e-06 -1.428e-05  0.0002761 -7.404e-06 -0.0001854  4.615e-06 -2.236e-06 
  -0.00025 -1.347e-05 -7.022e-06  0.0001418  2.018e-05 -5.741e-06  3.132e-06   1.51e-07 -9.042e-07 -5.754e-06  -4.09e-06 -3.016e-06 -4.861e-06 -7.404e-06  0.0005222 -4.417e-05 -5.877e-06 -1.657e-05 
   0.00141 -0.0001358 -5.005e-05 -5.102e-05 -3.554e-05  2.678e-06 -8.159e-05 -0.0001112 -5.154e-05 -3.324e-05  -4.51e-05 -2.512e-05 -5.567e-05 -0.0001854 -4.417e-05    0.09902  9.778e-05  6.209e-05 
-0.0002513 -3.886e-05 -1.941e-05  4.471e-05 -3.134e-06  2.582e-05 -2.445e-05 -1.466e-05 -2.133e-05 -1.573e-05 -6.445e-06 -1.425e-05 -1.483e-05  4.615e-06 -5.877e-06  9.778e-05  4.585e-05  2.897e-05 
 4.171e-05  1.518e-05  9.603e-07  4.293e-05 -1.578e-05  1.871e-05 -2.086e-05 -1.339e-06 -2.895e-05  -9.65e-06 -6.018e-06  3.583e-06 -1.663e-05 -2.236e-06 -1.657e-05  6.209e-05  2.897e-05  5.349e-05 


Calibration Coefficients:
c[0] = 1.722 +- 0.2503
c[1] = 0.9839 +- 0.03154
c[2] = 0.4603 +- 0.008676
c[3] = 6.774 +- 0.09504
c[4] = 0.51 +- 0.007813
c[5] = 0.6533 +- 0.01327
c[6] = 0.453 +- 0.008814
c[7] = 0.4492 +- 0.007436
c[8] = 0.4706 +- 0.01075
c[9] = 0.5679 +- 0.009287
c[10] = 0.5305 +- 0.01026
c[11] = 0.4529 +- 0.008492
c[12] = 0.4878 +- 0.007991
c[13] = 0.7294 +- 0.01662
c[14] = 0.5239 +- 0.02285
c[15] = 2.876 +- 0.3147
c[16] = 0.2278 +- 0.006771
c[17] = 0.7505 +- 0.007314
--------------------------
