==== Calibration LogFile ChCalib ====
==== X - STRIPS ====

--- Fit Summary ---
Chi2: 567.491
EDM: 8.81871e-06
ErrDef: 1
Varying parameters: 18
Total parameters: 18
Status: 3
=== Covariance Matrix ===
    0.2326    0.01455  0.0004834   -0.00744   -0.00125    0.01866 -0.0006226   0.001315 -0.0007949 -0.0004911  0.0002398   0.001415 -3.137e-05  -0.001492 -0.0001439  -0.005606 -0.0004413  0.0003024 
   0.01455   0.008987     0.0011  -0.003297 -0.0005439   0.009155 -0.0002634  0.0005724 -0.0004076 -0.0003078  0.0001331  0.0005864 -0.0001088 -0.0004519 -9.098e-05  -0.002481 -0.0002378  0.0001749 
 0.0004834     0.0011    0.00209  -0.001329  -0.000275  0.0009091  0.0001261   0.000178   8.53e-05  9.735e-05 -0.0001087  0.0001182  2.282e-05 -0.0001976 -0.0001086  -0.001178 -0.0001216  8.567e-06 
  -0.00744  -0.003297  -0.001329    0.09262   0.001181  -0.004349   0.000283  -0.000578  0.0001438  -0.001227   0.001357 -0.0006343  -0.001416  0.0001747  -0.001435   0.004934  0.0006048  0.0001674 
  -0.00125 -0.0005439  -0.000275   0.001181   0.002943 -0.0007251 -7.334e-05  -0.000134  -8.39e-05 -0.0002239  0.0001072 -0.0001389 -0.0001661  0.0001122 -1.447e-06   0.001836  0.0001439  8.155e-05 
   0.01866   0.009155  0.0009091  -0.004349 -0.0007251    0.01366 -0.0003515  0.0007672 -0.0004991 -0.0003469  0.0001619  0.0008041 -8.278e-05 -0.0007242 -0.0001029  -0.003282 -0.0002886  0.0002055 
-0.0006226 -0.0002634  0.0001261   0.000283 -7.334e-05 -0.0003515  0.0008584  0.0001106  0.0001868  0.0002968   0.000388  0.0001092  0.0001843  8.653e-05  9.569e-05 -0.0004641 -4.728e-05 -7.069e-05 
  0.001315  0.0005724   0.000178  -0.000578  -0.000134  0.0007672  0.0001106   0.001074  0.0003654 -1.231e-05 -0.0001269  0.0006626  4.355e-05  -0.000106  2.316e-05 -0.0006677  -6.52e-05  1.132e-05 
-0.0007949 -0.0004076   8.53e-05  0.0001438  -8.39e-05 -0.0004991  0.0001868  0.0003654   0.001008  5.506e-05 -7.197e-05  0.0003314  4.796e-05  7.827e-05  7.233e-05  -0.000464 -5.758e-05 -8.585e-05 
-0.0004911 -0.0003078  9.735e-05  -0.001227 -0.0002239 -0.0003469  0.0002968 -1.231e-05  5.506e-05   0.001485   0.000621  2.127e-05  0.0003949 -0.0003681  6.014e-05  -0.001221 -5.137e-05 -7.236e-05 
 0.0002398  0.0001331 -0.0001087   0.001357  0.0001072  0.0001619   0.000388 -0.0001269 -7.197e-05   0.000621   0.001898 -7.349e-05  0.0003761  0.0003501  0.0002092  0.0002129  1.608e-05 -9.146e-06 
  0.001415  0.0005864  0.0001182 -0.0006343 -0.0001389  0.0008041  0.0001092  0.0006626  0.0003314  2.127e-05 -7.349e-05  0.0009021  6.675e-05 -0.0001348   2.43e-05 -0.0007089 -6.016e-05  1.412e-05 
-3.137e-05 -0.0001088  2.282e-05  -0.001416 -0.0001661 -8.278e-05  0.0001843  4.355e-05  4.796e-05  0.0003949  0.0003761  6.675e-05  0.0007759 -0.0003188  4.428e-05   -0.00103 -3.655e-05   -4.7e-05 
 -0.001492 -0.0004519 -0.0001976  0.0001747  0.0001122 -0.0007242  8.653e-05  -0.000106  7.827e-05 -0.0003681  0.0003501 -0.0001348 -0.0003188    0.00557  0.0003647 -4.057e-07   7.44e-05  5.596e-06 
-0.0001439 -9.098e-05 -0.0001086  -0.001435 -1.447e-06 -0.0001029  9.569e-05  2.316e-05  7.233e-05  6.014e-05  0.0002092   2.43e-05  4.428e-05  0.0003647   0.007276 -0.0004779  6.069e-06 -4.576e-05 
 -0.005606  -0.002481  -0.001178   0.004934   0.001836  -0.003282 -0.0004641 -0.0006677  -0.000464  -0.001221  0.0002129 -0.0007089   -0.00103 -4.057e-07 -0.0004779     0.7428  0.0006004  0.0003423 
-0.0004413 -0.0002378 -0.0001216  0.0006048  0.0001439 -0.0002886 -4.728e-05  -6.52e-05 -5.758e-05 -5.137e-05  1.608e-05 -6.016e-05 -3.655e-05   7.44e-05  6.069e-06  0.0006004  5.793e-05  2.799e-05 
 0.0003024  0.0001749  8.567e-06  0.0001674  8.155e-05  0.0002055 -7.069e-05  1.132e-05 -8.585e-05 -7.236e-05 -9.146e-06  1.412e-05   -4.7e-05  5.596e-06 -4.576e-05  0.0003423  2.799e-05  7.008e-05 


Calibration Coefficients:
c[0] = 5.75 +- 0.4823
c[1] = 3.397 +- 0.0948
c[2] = 2.034 +- 0.04571
c[3] = 13.78 +- 0.3043
c[4] = 1.932 +- 0.05425
c[5] = 3.997 +- 0.1169
c[6] = 1.919 +- 0.0293
c[7] = 1.965 +- 0.03278
c[8] = 1.955 +- 0.03175
c[9] = 2.358 +- 0.03853
c[10] = 2.129 +- 0.04357
c[11] = 1.939 +- 0.03004
c[12] = 1.89 +- 0.02786
c[13] = 2.808 +- 0.07463
c[14] = 1.858 +- 0.0853
c[15] = 7.724 +- 0.8618
c[16] = 0.1744 +- 0.007611
c[17] = 0.7529 +- 0.008371
--------------------------
