==== Calibration LogFile ChCalib ====
==== X - STRIPS ====

--- Fit Summary ---
Chi2: 737.871
EDM: 3.12662e-06
ErrDef: 1
Varying parameters: 18
Total parameters: 18
Status: 3
=== Covariance Matrix ===
    0.3198    0.03706   0.001745 -0.0004353  -0.001155 -0.0006981  0.0005648   0.001139 -0.0004894 -0.0003109 -0.0003671   0.001367 -0.0002197 -0.0009157 -0.0009361  -0.001593 -0.0004021  0.0003373 
   0.03706    0.01338  0.0005566  0.0009622 -0.0003634 -0.0003855  0.0001477    0.00049  -6.35e-05 -7.033e-05 -0.0001753  0.0005716 -3.847e-05 -0.0003733 -0.0002953  -0.001212 -0.0001685   0.000125 
  0.001745  0.0005566   0.001855   0.000729 -0.0002794  -0.000284  0.0004361  0.0003626  0.0001236  2.063e-05  9.088e-05  0.0001453  -8.27e-05 -0.0001923  8.295e-05 -0.0003945 -0.0001026 -6.849e-06 
-0.0004353  0.0009622   0.000729    0.02664 -0.0004898 -0.0005126  -0.001189   0.001866   0.001634 -0.0004791  -0.002216   0.001949  5.952e-05 -0.0007017  0.0002981  -0.003011 -0.0002307  0.0001451 
 -0.001155 -0.0003634 -0.0002794 -0.0004898   0.001003 -1.288e-05  0.0003299 -4.249e-05  0.0002973  0.0002811  0.0001101 -9.037e-06  0.0001584  -3.98e-05  0.0002222   0.001376  1.652e-05 -3.428e-05 
-0.0006981 -0.0003855  -0.000284 -0.0005126 -1.288e-05   0.003381 -0.0001853 -0.0001288 -0.0001008 -0.0001296 -5.853e-06 -7.975e-05  -4.83e-05  0.0001639  0.0004636   0.001556  0.0001212  7.407e-05 
 0.0005648  0.0001477  0.0004361  -0.001189  0.0003299 -0.0001853   0.001639 -0.0002114  0.0006225  0.0004295  0.0001214 -0.0003093  0.0002177 -4.086e-05   0.000167  -0.002415 -5.624e-05 -7.825e-05 
  0.001139    0.00049  0.0003626   0.001866 -4.249e-05 -0.0001288 -0.0002114  0.0009548 -3.858e-05    8.8e-05  0.0001715  0.0005823  4.264e-05 -7.984e-05  0.0001932 -0.0006866 -4.275e-05  3.448e-05 
-0.0004894  -6.35e-05  0.0001236   0.001634  0.0002973 -0.0001008  0.0006225 -3.858e-05   0.001585  0.0002021 -0.0005438  -6.71e-05  0.0001913 -7.222e-06   0.000223  -0.001545 -4.711e-05 -7.466e-05 
-0.0003109 -7.033e-05  2.063e-05 -0.0004791  0.0002811 -0.0001296  0.0004295    8.8e-05  0.0002021    0.00127  0.0003838  8.815e-05  0.0002029 -7.623e-05  0.0002011  -0.001666 -2.909e-05 -3.871e-05 
-0.0003671 -0.0001753  9.088e-05  -0.002216  0.0001101 -5.853e-06  0.0001214  0.0001715 -0.0005438  0.0003838   0.001663  0.0001704  0.0001195 -7.078e-05  0.0001241  -0.001074 -1.892e-05 -1.407e-05 
  0.001367  0.0005716  0.0001453   0.001949 -9.037e-06 -7.975e-05 -0.0003093  0.0005823  -6.71e-05  8.815e-05  0.0001704   0.000891  5.801e-05  -6.08e-05  0.0001969  -0.000623 -2.961e-05  4.238e-05 
-0.0002197 -3.847e-05  -8.27e-05  5.952e-05  0.0001584  -4.83e-05  0.0002177  4.264e-05  0.0001913  0.0002029  0.0001195  5.801e-05  0.0006356 -0.0001584  9.165e-05 -0.0008411 -1.808e-05 -2.773e-05 
-0.0009157 -0.0003733 -0.0001923 -0.0007017  -3.98e-05  0.0001639 -4.086e-05 -7.984e-05 -7.222e-06 -7.623e-05 -7.078e-05  -6.08e-05 -0.0001584   0.005774  0.0003734  5.611e-05  6.942e-05  3.352e-05 
-0.0009361 -0.0002953  8.295e-05  0.0002981  0.0002222  0.0004636   0.000167  0.0001932   0.000223  0.0002011  0.0001241  0.0001969  9.165e-05  0.0003734   0.007642   0.001702  1.684e-05   1.61e-06 
 -0.001593  -0.001212 -0.0003945  -0.003011   0.001376   0.001556  -0.002415 -0.0006866  -0.001545  -0.001666  -0.001074  -0.000623 -0.0008411  5.611e-05   0.001702     0.7555  0.0005599  0.0004763 
-0.0004021 -0.0001685 -0.0001026 -0.0002307  1.652e-05  0.0001212 -5.624e-05 -4.275e-05 -4.711e-05 -2.909e-05 -1.892e-05 -2.961e-05 -1.808e-05  6.942e-05  1.684e-05  0.0005599  4.404e-05  2.221e-05 
 0.0003373   0.000125 -6.849e-06  0.0001451 -3.428e-05  7.407e-05 -7.825e-05  3.448e-05 -7.466e-05 -3.871e-05 -1.407e-05  4.238e-05 -2.773e-05  3.352e-05   1.61e-06  0.0004763  2.221e-05  5.223e-05 


Calibration Coefficients:
c[0] = 5.661 +- 0.5655
c[1] = 3.343 +- 0.1157
c[2] = 2.003 +- 0.04307
c[3] = 12.76 +- 0.1632
c[4] = 2.012 +- 0.03167
c[5] = 2.573 +- 0.05814
c[6] = 1.89 +- 0.04049
c[7] = 1.948 +- 0.0309
c[8] = 1.929 +- 0.03981
c[9] = 2.349 +- 0.03564
c[10] = 2.123 +- 0.04078
c[11] = 1.924 +- 0.02985
c[12] = 1.889 +- 0.02521
c[13] = 2.831 +- 0.07598
c[14] = 1.867 +- 0.08742
c[15] = 7.885 +- 0.8692
c[16] = 0.1902 +- 0.006637
c[17] = 0.7623 +- 0.007227
--------------------------
