# Channel Old_Q Old_C 1WfSliding_Q 1WfSliding_C 1WfSlidingCMN_Q 1WfSlidingCMN_C 1WfFixed_Q 1WfFixed_C 1WfFixedCMN_Q 1WfFixedCMN_C CumSliding_Q CumSliding_C CumSlidingCMN_Q CumSlidingCMN_C CumFixed_Q CumFixed_C CumFixedCMN_Q CumFixedCMN_C 
 0 2.607119e+05 5.671653e-02 5.941913e+05 1.292633e-01 3.501383e+04 7.617078e-03 4.562458e+05 9.925392e-02 2.808300e+05 6.109312e-02 3.756354e+03 8.171755e-04 1.270258e+01 2.763381e-06 5.811959e+02 1.264362e-04 2.529774e+03 5.503392e-04 
 1 1.856567e+05 4.038865e-02 5.321471e+05 1.157659e-01 1.345996e+04 2.928144e-03 3.248992e+05 7.068013e-02 2.531082e+05 5.506238e-02 2.970019e+03 6.461123e-04 8.936007e+00 1.943982e-06 2.916609e+01 6.344933e-06 2.524195e+03 5.491255e-04 
 2 2.009945e+05 4.372532e-02 5.447509e+05 1.185077e-01 1.488494e+04 3.238141e-03 3.517404e+05 7.651931e-02 2.535158e+05 5.515106e-02 2.939517e+03 6.394767e-04 9.689392e+00 2.107877e-06 7.852799e+01 1.708336e-05 2.524893e+03 5.492775e-04 
 3 1.925600e+05 4.189043e-02 5.460505e+05 1.187905e-01 4.704335e+04 1.023404e-02 3.369800e+05 7.330825e-02 1.618356e+05 3.520650e-02 3.160581e+03 6.875681e-04 3.268932e+01 7.111391e-06 4.052596e+01 8.816212e-06 1.414319e+03 3.076778e-04 
 4 3.136774e+06 6.823890e-01 5.324931e+06 1.158411e+00 4.178351e+06 9.089786e-01 5.489355e+06 1.194181e+00 4.242599e+06 9.229555e-01 5.336440e+04 1.160915e-02 2.738164e+03 5.956735e-04 5.474655e+04 1.190983e-02 4.094953e+03 8.908359e-04 
 5 4.519762e+04 9.832509e-03 1.293932e+05 2.814881e-02 2.935056e+05 6.385063e-02 7.909584e+04 1.720689e-02 3.879014e+05 8.438593e-02 7.397588e+02 1.609307e-04 1.513015e+02 3.291486e-05 3.387972e+01 7.370358e-06 1.494458e+03 3.251117e-04 
 6 2.371830e+05 5.159794e-02 5.766979e+05 1.254577e-01 0.000000e+00 0.000000e+00 4.150703e+05 9.029640e-02 3.635306e+05 7.908420e-02 3.698591e+03 8.046093e-04 0.000000e+00 0.000000e+00 2.622498e+02 5.705109e-05 3.898410e+03 8.480790e-04 
 7 2.600760e+05 5.657819e-02 5.882969e+05 1.279810e-01 0.000000e+00 0.000000e+00 4.551330e+05 9.901183e-02 3.635306e+05 7.908420e-02 3.409936e+03 7.418140e-04 0.000000e+00 0.000000e+00 4.564430e+02 9.929681e-05 3.898410e+03 8.480790e-04 
 8 2.404950e+05 5.231844e-02 5.696868e+05 1.239324e-01 0.000000e+00 0.000000e+00 4.208663e+05 9.155728e-02 3.635306e+05 7.908420e-02 3.497665e+03 7.608990e-04 0.000000e+00 0.000000e+00 3.342172e+02 7.270723e-05 3.898410e+03 8.480790e-04 
 9 1.869860e+05 4.067783e-02 5.344475e+05 1.162663e-01 0.000000e+00 0.000000e+00 3.272254e+05 7.118620e-02 3.635306e+05 7.908420e-02 2.826285e+03 6.148437e-04 0.000000e+00 0.000000e+00 2.829141e+01 6.154650e-06 3.898410e+03 8.480790e-04 
10 1.967736e+05 4.280707e-02 5.307454e+05 1.154609e-01 5.204918e+04 1.132303e-02 3.443537e+05 7.491238e-02 1.662428e+05 3.616527e-02 2.958004e+03 6.434985e-04 3.494480e+01 7.602060e-06 6.771108e+01 1.473020e-05 1.417329e+03 3.083325e-04 
11 8.196961e+05 1.783207e-01 1.373579e+06 2.988150e-01 1.175865e+06 2.558034e-01 1.434468e+06 3.120612e-01 1.230157e+06 2.676142e-01 1.357518e+04 2.953210e-03 7.759604e+02 1.688062e-04 1.423077e+04 3.095830e-03 2.120226e+03 4.612442e-04 
12 3.827969e+05 8.327549e-02 5.680197e+05 1.235698e-01 3.972072e+05 8.641037e-02 6.698946e+05 1.457321e-01 4.851049e+05 1.055321e-01 3.287324e+03 7.151403e-04 2.723919e+02 5.925744e-05 4.421543e+03 9.618839e-04 1.647681e+03 3.584445e-04 
13 2.323351e+05 5.054330e-02 5.621372e+05 1.222901e-01 7.244304e+04 1.575961e-02 4.065864e+05 8.845077e-02 1.891758e+05 4.115422e-02 3.298538e+03 7.175799e-04 4.165360e+01 9.061525e-06 3.175320e+02 6.907745e-05 1.432555e+03 3.116450e-04 
14 3.077891e+05 6.695792e-02 6.450473e+05 1.403267e-01 6.173936e+04 1.343108e-02 5.386309e+05 1.171764e-01 3.155263e+05 6.864110e-02 4.142386e+03 9.011548e-04 1.707873e+01 3.715389e-06 1.255279e+03 2.730795e-04 2.535921e+03 5.516764e-04 
15 7.458055e+05 1.622461e-01 1.174763e+06 2.555636e-01 2.436861e+05 5.301264e-02 1.305160e+06 2.839307e-01 5.431181e+05 1.181525e-01 8.694104e+03 1.891357e-03 4.336236e+01 9.433257e-06 7.682011e+03 1.671182e-03 2.570169e+03 5.591270e-04 
16 5.803977e+05 1.262625e-01 9.816820e+05 2.135598e-01 8.576747e+05 1.865827e-01 1.015696e+06 2.209594e-01 9.049861e+05 1.968750e-01 4.686832e+03 1.019596e-03 6.077465e+03 1.322121e-03 1.649294e+03 3.587955e-04 3.491104e+03 7.594717e-04 
17 1.422168e+05 3.093853e-02 5.723014e+05 1.245012e-01 2.261540e+05 4.919862e-02 2.488794e+05 5.414242e-02 1.502067e+05 3.267668e-02 1.337426e+02 2.909501e-05 3.836570e+01 8.346260e-06 0.000000e+00 0.000000e+00 3.963642e+02 8.622698e-05 
18 1.308317e+05 2.846175e-02 5.619037e+05 1.222392e-01 0.000000e+00 0.000000e+00 2.289554e+05 4.980807e-02 1.074628e+05 2.337799e-02 2.494495e+02 5.426645e-05 0.000000e+00 0.000000e+00 0.000000e+00 0.000000e+00 1.182657e+03 2.572808e-04 
19 4.769602e+04 1.037602e-02 1.459248e+05 3.174518e-02 0.000000e+00 0.000000e+00 8.346803e+04 1.815804e-02 1.074628e+05 2.337799e-02 5.345054e+02 1.162789e-04 0.000000e+00 0.000000e+00 2.839931e+01 6.178124e-06 1.182657e+03 2.572808e-04 
20 5.032397e+04 1.094772e-02 1.321735e+05 2.875365e-02 0.000000e+00 0.000000e+00 8.806695e+04 1.915851e-02 1.074628e+05 2.337799e-02 6.330926e+02 1.377260e-04 0.000000e+00 0.000000e+00 6.237246e+01 1.356881e-05 1.182657e+03 2.572808e-04 
21 1.210280e+05 2.632903e-02 5.776654e+05 1.256681e-01 2.306129e+04 5.016865e-03 2.117991e+05 4.607580e-02 1.129958e+05 2.458165e-02 1.009831e+03 2.196835e-04 1.418305e+00 3.085450e-07 0.000000e+00 0.000000e+00 1.039216e+03 2.260760e-04 
22 4.695683e+04 1.021522e-02 1.289210e+05 2.804609e-02 1.870494e+05 4.069163e-02 8.217445e+04 1.787663e-02 3.188617e+05 6.936672e-02 5.239760e+02 1.139883e-04 8.901494e+02 1.936474e-04 2.651544e+01 5.768296e-06 2.466348e+03 5.365413e-04 
23 2.914720e+06 6.340822e-01 5.145890e+06 1.119462e+00 4.762797e+06 1.036122e+00 5.100760e+06 1.109644e+00 4.753312e+06 1.034058e+00 5.256784e+04 1.143586e-02 4.868514e+04 1.059120e-02 5.086444e+04 1.106530e-02 4.742573e+04 1.031722e-02 
24 1.240504e+05 2.698653e-02 5.124363e+05 1.114779e-01 1.989933e+05 4.328997e-02 2.170882e+05 4.722643e-02 1.369910e+05 2.980169e-02 1.092848e+03 2.377434e-04 3.481079e+02 7.572908e-05 0.000000e+00 0.000000e+00 5.771514e+01 1.255563e-05 
25 8.276443e+04 1.800497e-02 3.710257e+05 8.071473e-02 1.090572e+04 2.372484e-03 1.448378e+05 3.150871e-02 1.066650e+05 2.320443e-02 9.552506e+02 2.078098e-04 2.742107e+00 5.965312e-07 0.000000e+00 0.000000e+00 7.928347e+02 1.724771e-04 
26 1.150017e+05 2.501803e-02 4.922439e+05 1.070851e-01 0.000000e+00 0.000000e+00 2.012530e+05 4.378155e-02 1.074628e+05 2.337799e-02 9.049749e+02 1.968726e-04 0.000000e+00 0.000000e+00 0.000000e+00 0.000000e+00 1.182657e+03 2.572808e-04 
27 1.286708e+05 2.799168e-02 5.471659e+05 1.190331e-01 0.000000e+00 0.000000e+00 2.251740e+05 4.898544e-02 1.074628e+05 2.337799e-02 4.215864e+02 9.171395e-05 0.000000e+00 0.000000e+00 0.000000e+00 0.000000e+00 1.182657e+03 2.572808e-04 
28 6.683384e+04 1.453936e-02 2.130891e+05 4.635642e-02 0.000000e+00 0.000000e+00 1.169592e+05 2.544387e-02 1.074628e+05 2.337799e-02 5.235620e+02 1.138982e-04 0.000000e+00 0.000000e+00 3.584270e+01 7.797394e-06 1.182657e+03 2.572808e-04 
29 5.899829e+04 1.283477e-02 1.922208e+05 4.181665e-02 0.000000e+00 0.000000e+00 1.032470e+05 2.246085e-02 1.074628e+05 2.337799e-02 5.119686e+02 1.113761e-04 0.000000e+00 0.000000e+00 2.290187e+01 4.982183e-06 1.182657e+03 2.572808e-04 
30 1.743264e+05 3.792380e-02 5.312096e+05 1.155619e-01 1.726923e+05 3.756831e-02 3.050711e+05 6.636665e-02 1.330791e+05 2.895067e-02 2.139501e+01 4.654373e-06 1.239025e+01 2.695436e-06 0.000000e+00 0.000000e+00 1.484599e+02 3.229668e-05 
31 3.154647e+05 6.862772e-02 7.663887e+05 1.667239e-01 5.909583e+05 1.285599e-01 5.520633e+05 1.200985e-01 5.451592e+05 1.185966e-01 2.893969e+04 6.295680e-03 2.560097e+03 5.569359e-04 0.000000e+00 0.000000e+00 2.418862e+03 5.262109e-04 
