# Channel Old_Q Old_C 1WfSliding_Q 1WfSliding_C 1WfSlidingCMN_Q 1WfSlidingCMN_C 1WfFixed_Q 1WfFixed_C 1WfFixedCMN_Q 1WfFixedCMN_C CumSliding_Q CumSliding_C CumSlidingCMN_Q CumSlidingCMN_C CumFixed_Q CumFixed_C CumFixedCMN_Q CumFixedCMN_C 
 0 2.446224e+05 4.976710e-02 5.491763e+05 1.117269e-01 2.449817e+04 4.984019e-03 4.280892e+05 8.709242e-02 2.836870e+05 5.771457e-02 3.146414e+03 6.401207e-04 5.071832e+00 1.031837e-06 3.448397e+02 7.015576e-05 3.081713e+03 6.269578e-04 
 1 1.820729e+05 3.704175e-02 5.002004e+05 1.017630e-01 7.299919e+03 1.485129e-03 3.186277e+05 6.482306e-02 2.639699e+05 5.370323e-02 2.795088e+03 5.686454e-04 3.906836e+00 7.948244e-07 2.958166e+01 6.018227e-06 3.080115e+03 6.266325e-04 
 2 1.956016e+05 3.979408e-02 5.138775e+05 1.045456e-01 9.002762e+03 1.831563e-03 3.423028e+05 6.963963e-02 2.641565e+05 5.374121e-02 2.768446e+03 5.632251e-04 4.434913e+00 9.022588e-07 6.641343e+01 1.351145e-05 3.080653e+03 6.267420e-04 
 3 1.886972e+05 3.838942e-02 5.147211e+05 1.047172e-01 5.820696e+04 1.184189e-02 3.302201e+05 6.718148e-02 1.412660e+05 2.873981e-02 2.964155e+03 6.030413e-04 3.769074e+01 7.667976e-06 3.998663e+01 8.135062e-06 4.804254e+02 9.773993e-05 
 4 3.548513e+06 7.219256e-01 6.064050e+06 1.233698e+00 5.031851e+06 1.023703e+00 6.209898e+06 1.263370e+00 5.063705e+06 1.030183e+00 6.019886e+04 1.224713e-02 4.029439e+03 8.197675e-04 6.141117e+04 1.249377e-02 4.437552e+03 9.027958e-04 
 5 4.394782e+04 8.940945e-03 1.231730e+05 2.505888e-02 3.082650e+05 6.271482e-02 7.690869e+04 1.564665e-02 3.715100e+05 7.558168e-02 6.204009e+02 1.262172e-04 1.650787e+02 3.358436e-05 2.836979e+01 5.771679e-06 5.620442e+02 1.143448e-04 
 6 2.213479e+05 4.503202e-02 5.320908e+05 1.082510e-01 0.000000e+00 0.000000e+00 3.873588e+05 7.880603e-02 3.402644e+05 6.922495e-02 3.019623e+03 6.143258e-04 0.000000e+00 0.000000e+00 1.197747e+02 2.436751e-05 3.514708e+03 7.150481e-04 
 7 2.444174e+05 4.972540e-02 5.481212e+05 1.115123e-01 0.000000e+00 0.000000e+00 4.277305e+05 8.701944e-02 3.402644e+05 6.922495e-02 3.062564e+03 6.230620e-04 0.000000e+00 0.000000e+00 2.551846e+02 5.191591e-05 3.514708e+03 7.150481e-04 
 8 2.254828e+05 4.587325e-02 5.251972e+05 1.068485e-01 0.000000e+00 0.000000e+00 3.945949e+05 8.027818e-02 3.402644e+05 6.922495e-02 3.095817e+03 6.298270e-04 0.000000e+00 0.000000e+00 1.699157e+02 3.456843e-05 3.514708e+03 7.150481e-04 
 9 1.826042e+05 3.714984e-02 5.090885e+05 1.035713e-01 0.000000e+00 0.000000e+00 3.195574e+05 6.501221e-02 3.402644e+05 6.922495e-02 2.773854e+03 5.643255e-04 0.000000e+00 0.000000e+00 3.223037e+01 6.557094e-06 3.514708e+03 7.150481e-04 
10 1.912054e+05 3.889969e-02 5.037440e+05 1.024840e-01 6.145079e+04 1.250183e-02 3.346094e+05 6.807446e-02 1.420068e+05 2.889052e-02 2.856996e+03 5.812402e-04 4.085264e+01 8.311247e-06 5.483586e+01 1.115606e-05 4.858982e+02 9.885335e-05 
11 6.346930e+05 1.291248e-01 1.053914e+06 2.144130e-01 1.002185e+06 2.038892e-01 1.110713e+06 2.259684e-01 1.035684e+06 2.107043e-01 1.027008e+04 2.089391e-03 8.097543e+02 1.647401e-04 1.075703e+04 2.188458e-03 1.214028e+03 2.469874e-04 
12 4.914790e+05 9.998873e-02 6.419232e+05 1.305958e-01 6.604946e+05 1.343740e-01 8.600883e+05 1.749803e-01 7.122392e+05 1.449012e-01 4.652289e+03 9.464829e-04 5.309844e+02 1.080259e-04 7.119083e+03 1.448339e-03 9.630659e+02 1.959305e-04 
13 2.232108e+05 4.541102e-02 5.254823e+05 1.069065e-01 8.130010e+04 1.654006e-02 3.906189e+05 7.946929e-02 1.667479e+05 3.392395e-02 3.062507e+03 6.230503e-04 4.750878e+01 9.665403e-06 2.280206e+02 4.638955e-05 5.069409e+02 1.031344e-04 
14 2.905943e+05 5.911983e-02 5.974812e+05 1.215543e-01 4.110897e+04 8.363395e-03 5.085401e+05 1.034597e-01 3.080672e+05 6.267459e-02 3.674407e+03 7.475380e-04 6.208809e+00 1.263148e-06 9.313370e+02 1.894754e-04 3.083313e+03 6.272833e-04 
15 6.852182e+05 1.394039e-01 1.087200e+06 2.211850e-01 1.652903e+05 3.362740e-02 1.199132e+06 2.439568e-01 4.547914e+05 9.252484e-02 7.598309e+03 1.545835e-03 1.493972e+01 3.039405e-06 6.341268e+03 1.290096e-03 3.095038e+03 6.296686e-04 
16 2.220722e+06 4.517939e-01 3.962162e+06 8.060803e-01 3.699900e+06 7.527244e-01 3.886264e+06 7.906393e-01 3.625367e+06 7.375611e-01 4.035001e+04 8.208990e-03 3.791058e+04 7.712700e-03 3.696434e+04 7.520194e-03 3.528258e+04 7.178048e-03 
17 1.684766e+05 3.427565e-02 5.651752e+05 1.149818e-01 2.430286e+05 4.944285e-02 2.948341e+05 5.998239e-02 1.851638e+05 3.767056e-02 2.146067e+02 4.366057e-05 3.837955e+01 7.808110e-06 0.000000e+00 0.000000e+00 1.403354e+02 2.855046e-05 
18 1.360115e+05 2.767079e-02 5.509379e+05 1.120853e-01 8.499836e+00 1.729245e-06 2.380201e+05 4.842388e-02 1.054915e+05 2.146166e-02 3.573983e+02 7.271073e-05 0.000000e+00 0.000000e+00 0.000000e+00 0.000000e+00 1.179016e+03 2.398644e-04 
19 4.231042e+04 8.607825e-03 1.302985e+05 2.650851e-02 0.000000e+00 0.000000e+00 7.404324e+04 1.506369e-02 1.054915e+05 2.146166e-02 3.565006e+02 7.252810e-05 0.000000e+00 0.000000e+00 1.004623e+01 2.043851e-06 1.179016e+03 2.398644e-04 
20 4.719016e+04 9.600580e-03 1.225635e+05 2.493488e-02 0.000000e+00 0.000000e+00 8.258277e+04 1.680101e-02 1.054915e+05 2.146166e-02 4.414153e+02 8.980353e-05 0.000000e+00 0.000000e+00 3.249912e+01 6.611768e-06 1.179016e+03 2.398644e-04 
21 1.268577e+05 2.580851e-02 5.562485e+05 1.131657e-01 2.316525e+05 4.712844e-02 2.220010e+05 4.516489e-02 1.300079e+05 2.644940e-02 1.039513e+03 2.114832e-04 1.814785e+02 3.692081e-05 0.000000e+00 0.000000e+00 1.357887e+02 2.762547e-05 
22 9.927179e+04 2.019630e-02 1.481032e+05 3.013079e-02 2.762913e+05 5.620996e-02 1.737256e+05 3.534353e-02 4.114215e+05 8.370146e-02 6.880176e+02 1.399734e-04 2.965238e+03 6.032615e-04 1.288220e+03 2.620813e-04 3.676708e+03 7.480063e-04 
23 1.713397e+05 3.485814e-02 5.339355e+05 1.086263e-01 2.296208e+05 4.671510e-02 2.998445e+05 6.100174e-02 2.098817e+05 4.269928e-02 6.987659e+02 1.421601e-04 1.898781e+02 3.862966e-05 0.000000e+00 0.000000e+00 1.858772e+02 3.781571e-05 
24 1.173212e+05 2.386837e-02 4.923922e+05 1.001745e-01 1.931430e+05 3.929389e-02 2.053122e+05 4.176964e-02 1.299353e+05 2.643464e-02 1.088842e+03 2.215189e-04 4.315963e+02 8.780591e-05 0.000000e+00 0.000000e+00 5.155086e+01 1.048774e-05 
25 8.137121e+04 1.655453e-02 3.533330e+05 7.188367e-02 9.430754e+03 1.918636e-03 1.423996e+05 2.897043e-02 1.101208e+05 2.240348e-02 9.225662e+02 1.876911e-04 1.467581e+00 2.985714e-07 0.000000e+00 0.000000e+00 1.048150e+03 2.132404e-04 
26 1.136307e+05 2.311755e-02 4.718883e+05 9.600309e-02 7.911031e+00 1.609456e-06 1.988537e+05 4.045571e-02 1.055095e+05 2.146533e-02 9.160097e+02 1.863572e-04 0.000000e+00 0.000000e+00 0.000000e+00 0.000000e+00 1.179016e+03 2.398644e-04 
27 1.336141e+05 2.718307e-02 5.327430e+05 1.083837e-01 6.334634e+01 1.288747e-05 2.338248e+05 4.757037e-02 1.055468e+05 2.147291e-02 5.403869e+02 1.099388e-04 0.000000e+00 0.000000e+00 0.000000e+00 0.000000e+00 1.179016e+03 2.398644e-04 
28 6.462277e+04 1.314715e-02 2.027594e+05 4.125030e-02 3.908339e+00 7.951302e-07 1.130898e+05 2.300751e-02 1.055088e+05 2.146519e-02 4.928809e+02 1.002739e-04 0.000000e+00 0.000000e+00 2.917705e+01 5.935912e-06 1.179016e+03 2.398644e-04 
29 5.715889e+04 1.162866e-02 1.824845e+05 3.712548e-02 4.130309e+00 8.402888e-07 1.000280e+05 2.035016e-02 1.055090e+05 2.146523e-02 4.686016e+02 9.533444e-05 0.000000e+00 0.000000e+00 1.869793e+01 3.803991e-06 1.179016e+03 2.398644e-04 
30 1.830770e+05 3.724601e-02 5.356108e+05 1.089671e-01 2.800896e+03 5.698269e-04 3.203847e+05 6.518052e-02 1.007251e+05 2.049197e-02 4.741325e+01 9.645968e-06 1.101045e+00 2.240016e-07 0.000000e+00 0.000000e+00 1.046973e+03 2.130009e-04 
31 1.980536e+05 4.029293e-02 6.021316e+05 1.225004e-01 4.143821e+05 8.430378e-02 3.465939e+05 7.051263e-02 3.281556e+05 6.676147e-02 1.891499e+04 3.848152e-03 3.072932e+02 6.251712e-05 0.000000e+00 0.000000e+00 3.292087e+02 6.697572e-05 
