# Channel Old_Q Old_C 1WfSliding_Q 1WfSliding_C 1WfSlidingCMN_Q 1WfSlidingCMN_C 1WfFixed_Q 1WfFixed_C 1WfFixedCMN_Q 1WfFixedCMN_C CumSliding_Q CumSliding_C CumSlidingCMN_Q CumSlidingCMN_C CumFixed_Q CumFixed_C CumFixedCMN_Q CumFixedCMN_C 
 0 3.610425e+05 6.786740e-02 7.964646e+05 1.497164e-01 2.778699e+03 5.223292e-04 6.318245e+05 1.187679e-01 5.244679e+05 9.858746e-02 1.463392e+03 2.750828e-04 1.581973e+00 2.973733e-07 4.129754e+02 7.762953e-05 5.077520e+03 9.544527e-04 
 1 2.929309e+05 5.506404e-02 7.265014e+05 1.365650e-01 2.168303e+03 4.075893e-04 5.126292e+05 9.636207e-02 5.238050e+05 9.846287e-02 8.242725e+02 1.549436e-04 1.508044e+00 2.834764e-07 2.039527e+01 3.833825e-06 5.077541e+03 9.544568e-04 
 2 3.308662e+05 6.219496e-02 7.616908e+05 1.431797e-01 1.083574e+05 2.036862e-02 5.790158e+05 1.088412e-01 1.076712e+05 2.023962e-02 1.366152e+03 2.568041e-04 2.901952e+02 5.454978e-05 1.220929e+02 2.295055e-05 1.269357e+02 2.386089e-05 
 3 1.219417e+06 2.292214e-01 2.085102e+06 3.919495e-01 2.043355e+06 3.841020e-01 2.133981e+06 4.011375e-01 2.033692e+06 3.822857e-01 2.021254e+04 3.799476e-03 1.124938e+04 2.114615e-03 2.034391e+04 3.824171e-03 1.127227e+04 2.118919e-03 
 4 1.063718e+06 1.999536e-01 1.822210e+06 3.425321e-01 1.800641e+06 3.384775e-01 1.861506e+06 3.499188e-01 1.779393e+06 3.344835e-01 1.749064e+04 3.287823e-03 9.934901e+03 1.867525e-03 1.754136e+04 3.297358e-03 9.875767e+03 1.856409e-03 
 5 8.814632e+04 1.656941e-02 2.448821e+05 4.603200e-02 4.946249e+05 9.297770e-02 1.542561e+05 2.899646e-02 4.498667e+05 8.456423e-02 9.127949e+01 1.715837e-05 6.071488e+02 1.141295e-04 2.658713e+00 4.997747e-07 5.646422e+02 1.061393e-04 
 6 3.080279e+05 5.790190e-02 7.494125e+05 1.408717e-01 0.000000e+00 0.000000e+00 5.390488e+05 1.013283e-01 5.343827e+05 1.004512e-01 4.067148e+02 7.645270e-05 0.000000e+00 0.000000e+00 3.658057e+01 6.876276e-06 5.199609e+03 9.774026e-04 
 7 3.727729e+05 7.007243e-02 7.968787e+05 1.497942e-01 0.000000e+00 0.000000e+00 6.523527e+05 1.226268e-01 5.343827e+05 1.004512e-01 1.310475e+03 2.463381e-04 0.000000e+00 0.000000e+00 4.531221e+02 8.517616e-05 5.199609e+03 9.774026e-04 
 8 3.584566e+05 6.738130e-02 7.845951e+05 1.474852e-01 0.000000e+00 0.000000e+00 6.272991e+05 1.179173e-01 5.343827e+05 1.004512e-01 1.232408e+03 2.316633e-04 0.000000e+00 0.000000e+00 3.200399e+02 6.015988e-05 5.199609e+03 9.774026e-04 
 9 3.207521e+05 6.029376e-02 7.486078e+05 1.407204e-01 0.000000e+00 0.000000e+00 5.613162e+05 1.055141e-01 5.343827e+05 1.004512e-01 1.169911e+03 2.199153e-04 0.000000e+00 0.000000e+00 6.762223e+01 1.271137e-05 5.199609e+03 9.774026e-04 
10 3.165590e+05 5.950555e-02 7.454625e+05 1.401292e-01 0.000000e+00 0.000000e+00 5.539783e+05 1.041347e-01 5.343827e+05 1.004512e-01 1.088618e+03 2.046343e-04 0.000000e+00 0.000000e+00 6.434130e+01 1.209463e-05 5.199609e+03 9.774026e-04 
11 2.210257e+05 4.154756e-02 5.248666e+05 9.866242e-02 3.514265e+05 6.605981e-02 3.867950e+05 7.270824e-02 3.421395e+05 6.431408e-02 6.175836e+02 1.160910e-04 7.827614e+02 1.471405e-04 1.462891e+02 2.749887e-05 7.178298e+02 1.349349e-04 
12 3.072834e+06 5.776195e-01 5.392746e+06 1.013708e+00 5.042862e+06 9.479379e-01 5.377459e+06 1.010834e+00 5.018792e+06 9.434134e-01 5.307488e+04 9.976813e-03 2.783226e+04 5.231802e-03 5.299994e+04 9.962727e-03 2.777179e+04 5.220435e-03 
13 3.914650e+05 7.358610e-02 7.757063e+05 1.458143e-01 2.250926e+05 4.231205e-02 6.850638e+05 1.287757e-01 2.584838e+05 4.858880e-02 1.843488e+03 3.465317e-04 1.219749e+03 2.292837e-04 1.012564e+03 1.903378e-04 1.363007e+03 2.562128e-04 
14 3.545482e+05 6.664661e-02 7.933601e+05 1.491328e-01 3.941467e+03 7.409019e-04 6.204593e+05 1.166316e-01 5.250523e+05 9.869732e-02 1.949417e+03 3.664439e-04 1.274573e+00 2.395894e-07 4.103282e+02 7.713193e-05 5.077834e+03 9.545118e-04 
15 5.944553e+05 1.117434e-01 1.118850e+06 2.103171e-01 1.332539e+04 2.504855e-03 1.040297e+06 1.955510e-01 5.347654e+05 1.005231e-01 6.987216e+03 1.313430e-03 1.432546e+00 2.692846e-07 5.965196e+03 1.121315e-03 5.078562e+03 9.546487e-04 
16 1.622434e+05 3.049789e-02 4.988393e+05 9.376991e-02 2.077659e+05 3.905503e-02 2.839259e+05 5.337131e-02 2.103922e+05 3.954872e-02 2.423836e+01 4.556234e-06 6.456167e+00 1.213606e-06 0.000000e+00 0.000000e+00 4.150324e+01 7.801621e-06 
17 1.081487e+05 2.032938e-02 5.744671e+05 1.079861e-01 1.791793e+05 3.368143e-02 1.892603e+05 3.557642e-02 9.557805e+04 1.796640e-02 1.396121e+02 2.624374e-05 1.916328e+01 3.602239e-06 0.000000e+00 0.000000e+00 3.990830e+02 7.501809e-05 
18 1.126645e+05 2.117824e-02 5.879156e+05 1.105141e-01 0.000000e+00 0.000000e+00 1.971628e+05 3.706192e-02 1.103495e+05 2.074308e-02 2.062986e+02 3.877922e-05 0.000000e+00 0.000000e+00 0.000000e+00 0.000000e+00 1.148279e+03 2.158491e-04 
19 4.825785e+04 9.071325e-03 1.343997e+05 2.526395e-02 0.000000e+00 0.000000e+00 8.445123e+04 1.587482e-02 1.103495e+05 2.074308e-02 2.682057e+01 5.041629e-06 0.000000e+00 0.000000e+00 0.000000e+00 0.000000e+00 1.148279e+03 2.158491e-04 
20 5.650638e+04 1.062185e-02 1.399862e+05 2.631407e-02 0.000000e+00 0.000000e+00 9.888616e+04 1.858824e-02 1.103495e+05 2.074308e-02 2.917133e+01 5.483515e-06 0.000000e+00 0.000000e+00 1.514020e+00 2.845996e-07 1.148279e+03 2.158491e-04 
21 1.404385e+05 2.639909e-02 6.419866e+05 1.206782e-01 1.268725e+04 2.384900e-03 2.457674e+05 4.619841e-02 1.134666e+05 2.132902e-02 3.476521e+02 6.535032e-05 1.881073e+00 3.535970e-07 0.000000e+00 0.000000e+00 1.060664e+03 1.993796e-04 
22 5.412483e+04 1.017418e-02 1.427773e+05 2.683873e-02 4.185873e+05 7.868444e-02 9.471845e+04 1.780481e-02 5.483566e+05 1.030780e-01 3.152114e+01 5.925223e-06 9.508169e+02 1.787309e-04 8.559473e-01 1.608977e-07 1.239918e+03 2.330751e-04 
23 1.187022e+06 2.231319e-01 2.134043e+06 4.011493e-01 2.461431e+06 4.626903e-01 2.077289e+06 3.904809e-01 2.407458e+06 4.525447e-01 2.057620e+04 3.867836e-03 2.243126e+04 4.216543e-03 1.940255e+04 3.647218e-03 2.197379e+04 4.130550e-03 
24 8.245987e+05 1.550049e-01 1.427289e+06 2.682963e-01 1.737832e+06 3.266710e-01 1.443048e+06 2.712586e-01 1.743127e+06 3.276663e-01 1.280732e+04 2.407470e-03 1.590275e+04 2.989338e-03 1.220489e+04 2.294228e-03 1.591936e+04 2.992460e-03 
25 1.266259e+05 2.380265e-02 4.476319e+05 8.414412e-02 1.373672e+05 2.582177e-02 2.215953e+05 4.165463e-02 2.132004e+05 4.007659e-02 2.681942e+02 5.041411e-05 2.872119e+01 5.398899e-06 0.000000e+00 0.000000e+00 7.673739e+02 1.442480e-04 
26 1.493277e+05 2.807004e-02 5.810213e+05 1.092182e-01 1.416701e+04 2.663060e-03 2.613234e+05 4.912257e-02 1.154342e+05 2.169888e-02 3.894891e+02 7.321466e-05 1.450205e+00 2.726040e-07 0.000000e+00 0.000000e+00 1.111204e+03 2.088800e-04 
27 1.218356e+05 2.290219e-02 6.541682e+05 1.229680e-01 1.113417e+03 2.092958e-04 2.132123e+05 4.007883e-02 1.098376e+05 2.064685e-02 3.102246e+02 5.831484e-05 1.316717e-02 2.475114e-09 0.000000e+00 0.000000e+00 1.148279e+03 2.158491e-04 
28 4.622868e+04 8.689890e-03 1.438133e+05 2.703347e-02 3.485770e+02 6.552417e-05 8.090019e+04 1.520731e-02 1.098695e+05 2.065285e-02 3.460961e+01 6.505782e-06 1.460924e-03 2.746189e-10 0.000000e+00 0.000000e+00 1.148279e+03 2.158491e-04 
29 4.730185e+04 8.891622e-03 1.460492e+05 2.745377e-02 1.693250e+04 3.182907e-03 8.277825e+04 1.556034e-02 1.244093e+05 2.338598e-02 3.701462e+01 6.957866e-06 1.717671e+00 3.228813e-07 3.956608e-02 7.437481e-09 1.111383e+03 2.089135e-04 
30 2.287355e+05 4.299682e-02 5.764825e+05 1.083650e-01 2.940963e+05 5.528310e-02 4.002871e+05 7.524444e-02 3.164781e+05 5.949035e-02 3.572230e+01 6.714941e-06 1.663645e+02 3.127255e-05 0.000000e+00 0.000000e+00 1.798317e+02 3.380408e-05 
31 9.875473e+05 1.856354e-01 1.771723e+06 3.330417e-01 2.153768e+06 4.048571e-01 1.728208e+06 3.248619e-01 2.169975e+06 4.079035e-01 0.000000e+00 0.000000e+00 1.980615e+04 3.723084e-03 0.000000e+00 0.000000e+00 1.982661e+04 3.726930e-03 
