# Channel Old_Q Old_C 1WfSliding_Q 1WfSliding_C 1WfSlidingCMN_Q 1WfSlidingCMN_C 1WfFixed_Q 1WfFixed_C 1WfFixedCMN_Q 1WfFixedCMN_C CumSliding_Q CumSliding_C CumSlidingCMN_Q CumSlidingCMN_C CumFixed_Q CumFixed_C CumFixedCMN_Q CumFixedCMN_C 
 0 2.494876e+05 4.630270e-02 5.914839e+05 1.097742e-01 2.901867e+04 5.385609e-03 4.366033e+05 8.102973e-02 2.768213e+05 5.137559e-02 3.844366e+03 7.134805e-04 6.456781e+00 1.198322e-06 3.043456e+02 5.648386e-05 2.417717e+03 4.487069e-04 
 1 1.809688e+05 3.358621e-02 5.365589e+05 9.958059e-02 9.658015e+03 1.792442e-03 3.166954e+05 5.877587e-02 2.559893e+05 4.750936e-02 3.287985e+03 6.102211e-04 4.432423e+00 8.226187e-07 2.691967e+01 4.996053e-06 2.415585e+03 4.483113e-04 
 2 1.950322e+05 3.619625e-02 5.492732e+05 1.019403e-01 1.177921e+04 2.186118e-03 3.413063e+05 6.334343e-02 2.563799e+05 4.758185e-02 3.441548e+03 6.387210e-04 4.716621e+00 8.753632e-07 4.865129e+01 9.029250e-06 2.415646e+03 4.483225e-04 
 3 1.879616e+05 3.488402e-02 5.512212e+05 1.023018e-01 5.484192e+04 1.017818e-02 3.289329e+05 6.104704e-02 1.602773e+05 2.974606e-02 3.534587e+03 6.559882e-04 3.371196e+01 6.256642e-06 3.224153e+01 5.983744e-06 8.625704e+02 1.600855e-04 
 4 3.236715e+06 6.007057e-01 5.518377e+06 1.024162e+00 4.490182e+06 8.333382e-01 5.664251e+06 1.051235e+00 4.527447e+06 8.402542e-01 5.688134e+04 1.055667e-02 2.975527e+03 5.522315e-04 5.822006e+04 1.080513e-02 3.765792e+03 6.988979e-04 
 5 4.483126e+04 8.320286e-03 1.314670e+05 2.439911e-02 3.148515e+05 5.843367e-02 7.845470e+04 1.456050e-02 4.017816e+05 7.456712e-02 6.642775e+02 1.232840e-04 1.669908e+02 3.099202e-05 1.723284e+01 3.198264e-06 9.526681e+02 1.768068e-04 
 6 2.365256e+05 4.389707e-02 5.892714e+05 1.093636e-01 1.953865e+02 3.626202e-05 4.139199e+05 7.681987e-02 3.583136e+05 6.649985e-02 4.111072e+03 7.629786e-04 0.000000e+00 0.000000e+00 1.672888e+02 3.104733e-05 3.240820e+03 6.014676e-04 
 7 2.475031e+05 4.593439e-02 5.827663e+05 1.081563e-01 0.000000e+00 0.000000e+00 4.331304e+05 8.038518e-02 3.585720e+05 6.654780e-02 3.888700e+03 7.217084e-04 0.000000e+00 0.000000e+00 2.062860e+02 3.828486e-05 3.240820e+03 6.014676e-04 
 8 2.310124e+05 4.287387e-02 5.678931e+05 1.053959e-01 0.000000e+00 0.000000e+00 4.042717e+05 7.502927e-02 3.585720e+05 6.654780e-02 3.821767e+03 7.092862e-04 0.000000e+00 0.000000e+00 1.499226e+02 2.782431e-05 3.240820e+03 6.014676e-04 
 9 1.826795e+05 3.390370e-02 5.440217e+05 1.009656e-01 0.000000e+00 0.000000e+00 3.196891e+05 5.933148e-02 3.585720e+05 6.654780e-02 3.331203e+03 6.182419e-04 0.000000e+00 0.000000e+00 2.519912e+01 4.676735e-06 3.240820e+03 6.014676e-04 
10 1.928432e+05 3.578999e-02 5.405315e+05 1.003179e-01 5.745021e+04 1.066225e-02 3.374755e+05 6.263248e-02 1.633680e+05 3.031966e-02 3.486287e+03 6.470242e-04 3.807507e+01 7.066398e-06 4.839743e+01 8.982136e-06 8.676562e+02 1.610293e-04 
11 1.549695e+06 2.876098e-01 2.641765e+06 4.902883e-01 2.244248e+06 4.165125e-01 2.711967e+06 5.033171e-01 2.265066e+06 4.203762e-01 2.709530e+04 5.028649e-03 1.501519e+03 2.786687e-04 2.783322e+04 5.165599e-03 2.281283e+03 4.233859e-04 
12 2.493023e+05 4.626830e-02 5.432630e+05 1.008248e-01 1.526494e+05 2.833038e-02 4.362790e+05 8.096953e-02 2.511863e+05 4.661796e-02 3.512713e+03 6.519285e-04 1.154495e+02 2.142640e-05 7.230103e+02 1.341843e-04 9.432609e+02 1.750609e-04 
13 2.264822e+05 4.203310e-02 5.696327e+05 1.057188e-01 8.008437e+04 1.486295e-02 3.963439e+05 7.355792e-02 1.892386e+05 3.512102e-02 3.718957e+03 6.902056e-04 4.680868e+01 8.687278e-06 1.769118e+02 3.283327e-05 8.894297e+02 1.650703e-04 
14 2.980311e+05 5.531195e-02 6.387815e+05 1.185522e-01 4.961344e+04 9.207818e-03 5.215545e+05 9.679592e-02 3.052170e+05 5.664559e-02 4.272722e+03 7.929795e-04 9.021909e+00 1.674387e-06 9.133207e+02 1.695043e-04 2.421023e+03 4.493205e-04 
15 7.310378e+05 1.356742e-01 1.161074e+06 2.154851e-01 2.074252e+05 3.849628e-02 1.279316e+06 2.374298e-01 4.948696e+05 9.184343e-02 8.422265e+03 1.563098e-03 3.282029e+01 6.091156e-06 7.435772e+03 1.380014e-03 2.441632e+03 4.531453e-04 
16 2.599231e+05 4.823944e-02 6.627346e+05 1.229977e-01 1.403177e+05 2.604174e-02 4.548655e+05 8.441902e-02 2.443840e+05 4.535552e-02 1.411162e+00 2.618992e-07 1.661084e+01 3.082826e-06 0.000000e+00 0.000000e+00 8.058728e+02 1.495629e-04 
17 1.448331e+05 2.687974e-02 5.942571e+05 1.102889e-01 3.891178e+04 7.221683e-03 2.534579e+05 4.703955e-02 1.303480e+05 2.419144e-02 2.552785e+02 4.737744e-05 5.846685e+00 1.085093e-06 0.000000e+00 0.000000e+00 8.743901e+02 1.622791e-04 
18 1.326089e+05 2.461103e-02 5.792670e+05 1.075068e-01 0.000000e+00 0.000000e+00 2.320655e+05 4.306931e-02 1.485500e+05 2.756958e-02 4.233158e+02 7.856369e-05 0.000000e+00 0.000000e+00 0.000000e+00 0.000000e+00 1.410090e+03 2.617002e-04 
19 4.346472e+04 8.066668e-03 1.359078e+05 2.522328e-02 0.000000e+00 0.000000e+00 7.606325e+04 1.411667e-02 1.485500e+05 2.756958e-02 3.720735e+02 6.905357e-05 0.000000e+00 0.000000e+00 4.060492e+00 7.535914e-07 1.410090e+03 2.617002e-04 
20 4.894994e+04 9.084677e-03 1.291176e+05 2.396308e-02 0.000000e+00 0.000000e+00 8.566240e+04 1.589819e-02 1.485500e+05 2.756958e-02 4.756961e+02 8.828501e-05 0.000000e+00 0.000000e+00 3.226445e+01 5.987998e-06 1.410090e+03 2.617002e-04 
21 1.183638e+05 2.196728e-02 5.907473e+05 1.096375e-01 2.702386e+04 5.015390e-03 2.071367e+05 3.844275e-02 1.125133e+05 2.088147e-02 1.288712e+03 2.391737e-04 4.904730e+00 9.102746e-07 0.000000e+00 0.000000e+00 8.733911e+02 1.620937e-04 
22 4.530365e+04 8.407958e-03 1.257074e+05 2.333018e-02 2.085645e+04 3.870774e-03 7.928139e+04 1.471393e-02 1.261450e+05 2.341140e-02 4.072205e+02 7.557653e-05 5.779595e+00 1.072642e-06 1.105084e+01 2.050939e-06 7.949165e+02 1.475295e-04 
23 1.234732e+05 2.291553e-02 5.872577e+05 1.089899e-01 3.187832e+04 5.916336e-03 2.160780e+05 4.010217e-02 1.004304e+05 1.863900e-02 1.192877e+03 2.213874e-04 5.776766e+00 1.072117e-06 0.000000e+00 0.000000e+00 7.777105e+02 1.443362e-04 
24 1.219043e+05 2.262436e-02 5.257514e+05 9.757481e-02 1.957144e+05 3.632286e-02 2.133325e+05 3.959263e-02 2.044038e+05 3.793555e-02 1.240958e+03 2.303108e-04 8.425694e+02 1.563734e-04 0.000000e+00 0.000000e+00 8.979338e+02 1.666486e-04 
25 2.405334e+06 4.464088e-01 4.191858e+06 7.779719e-01 3.788993e+06 7.032036e-01 4.209335e+06 7.812154e-01 3.911298e+06 7.259023e-01 4.331505e+04 8.038891e-03 5.148370e+03 9.554921e-04 4.319902e+04 8.017357e-03 5.762953e+03 1.069553e-03 
26 1.178805e+05 2.187759e-02 4.999952e+05 9.279470e-02 1.854277e+05 3.441375e-02 2.062909e+05 3.828578e-02 2.620840e+05 4.864048e-02 1.044047e+03 1.937660e-04 9.056678e+01 1.680840e-05 0.000000e+00 0.000000e+00 7.362017e+02 1.366325e-04 
27 1.301417e+05 2.415315e-02 5.689644e+05 1.055948e-01 0.000000e+00 0.000000e+00 2.277479e+05 4.226801e-02 1.485500e+05 2.756958e-02 6.824122e+02 1.266497e-04 0.000000e+00 0.000000e+00 0.000000e+00 0.000000e+00 1.410090e+03 2.617002e-04 
28 6.754641e+04 1.253602e-02 2.119387e+05 3.933396e-02 2.793623e+05 5.184717e-02 1.182062e+05 2.193803e-02 4.757066e+05 8.828696e-02 5.227434e+02 9.701657e-05 1.588087e+02 2.947350e-05 3.060698e+01 5.680385e-06 8.961929e+02 1.663255e-04 
29 2.280977e+05 4.233292e-02 4.329018e+05 8.034275e-02 4.776030e+05 8.863890e-02 3.991710e+05 7.408261e-02 7.109582e+05 1.319476e-01 3.656545e+03 6.786224e-04 3.705344e+02 6.876791e-05 3.306083e+03 6.135799e-04 1.085359e+03 2.014330e-04 
30 8.830723e+05 1.638904e-01 1.520737e+06 2.822354e-01 1.461911e+06 2.713179e-01 1.545376e+06 2.868082e-01 1.437188e+06 2.667294e-01 1.574849e+04 2.922781e-03 2.021825e+03 3.752328e-04 1.318183e+04 2.446432e-03 2.332535e+03 4.328980e-04 
31 2.011913e+05 3.733934e-02 6.258550e+05 1.161532e-01 4.865041e+05 9.029088e-02 3.520848e+05 6.534384e-02 4.306751e+05 7.992949e-02 1.504573e+04 2.792355e-03 5.393426e+02 1.000972e-04 0.000000e+00 0.000000e+00 9.552715e+02 1.772900e-04 
