# Channel Old_Q Old_C 1WfSliding_Q 1WfSliding_C 1WfSlidingCMN_Q 1WfSlidingCMN_C 1WfFixed_Q 1WfFixed_C 1WfFixedCMN_Q 1WfFixedCMN_C CumSliding_Q CumSliding_C CumSlidingCMN_Q CumSlidingCMN_C CumFixed_Q CumFixed_C CumFixedCMN_Q CumFixedCMN_C 
 0 3.596239e+05 7.780757e-02 7.173898e+05 1.552131e-01 8.861652e+03 1.917291e-03 6.293419e+05 1.361633e-01 4.423276e+05 9.570119e-02 9.263503e+02 2.004235e-04 2.128734e+00 4.605689e-07 4.868585e+02 1.053358e-04 4.695004e+03 1.015802e-03 
 1 3.137510e+05 6.788259e-02 6.582732e+05 1.424228e-01 1.285252e+05 2.780748e-02 5.490642e+05 1.187945e-01 1.040484e+05 2.251172e-02 5.023799e+02 1.086940e-04 4.566487e+01 9.879967e-06 9.615334e+01 2.080356e-05 1.471867e+01 3.184504e-06 
 2 1.379656e+06 2.984998e-01 2.391969e+06 5.175221e-01 2.294278e+06 4.963857e-01 2.414398e+06 5.223747e-01 2.301876e+06 4.980297e-01 2.350627e+04 5.085774e-03 2.276512e+04 4.925419e-03 2.360612e+04 5.107377e-03 2.287429e+04 4.949040e-03 
 3 6.909180e+05 1.494858e-01 1.028879e+06 2.226064e-01 9.194261e+05 1.989253e-01 1.209107e+06 2.616001e-01 9.528803e+05 2.061634e-01 9.004960e+03 1.948297e-03 2.152914e+03 4.658005e-04 9.052780e+03 1.958643e-03 2.496390e+03 5.401145e-04 
 4 2.867437e+05 6.203934e-02 6.290103e+05 1.360915e-01 1.084552e+05 2.346517e-02 5.018014e+05 1.085688e-01 1.139190e+05 2.464730e-02 3.548923e+02 7.678384e-05 3.447791e+01 7.459577e-06 4.761747e+01 1.030243e-05 3.547351e+02 7.674983e-05 
 5 8.514277e+04 1.842133e-02 2.151637e+05 4.655243e-02 4.859601e+01 1.051414e-05 1.489998e+05 3.223733e-02 4.639381e+05 1.003768e-01 3.321475e+01 7.186282e-06 0.000000e+00 0.000000e+00 9.130729e-02 1.975508e-08 5.026844e+03 1.087599e-03 
 6 3.046981e+05 6.592391e-02 6.776551e+05 1.466162e-01 4.045724e+01 8.753254e-06 5.332216e+05 1.153668e-01 4.639437e+05 1.003780e-01 2.194948e+02 4.748949e-05 0.000000e+00 0.000000e+00 4.597057e+01 9.946109e-06 5.026844e+03 1.087599e-03 
 7 3.658685e+05 7.915864e-02 7.106119e+05 1.537467e-01 2.670489e+01 5.777821e-06 6.402699e+05 1.385276e-01 4.639354e+05 1.003762e-01 7.704320e+02 1.666893e-04 0.000000e+00 0.000000e+00 4.663689e+02 1.009027e-04 5.026844e+03 1.087599e-03 
 8 3.546574e+05 7.673302e-02 7.001725e+05 1.514880e-01 2.251922e+01 4.872217e-06 6.206504e+05 1.342828e-01 4.639280e+05 1.003746e-01 7.564042e+02 1.636542e-04 0.000000e+00 0.000000e+00 3.659571e+02 7.917780e-05 5.026844e+03 1.087599e-03 
 9 3.295529e+05 7.130145e-02 6.699181e+05 1.449422e-01 1.510560e+01 3.268221e-06 5.767175e+05 1.247775e-01 4.639257e+05 1.003741e-01 6.431738e+02 1.391559e-04 0.000000e+00 0.000000e+00 1.534527e+02 3.320075e-05 5.026844e+03 1.087599e-03 
10 3.221621e+05 6.970241e-02 6.663098e+05 1.441616e-01 1.117655e+01 2.418139e-06 5.637837e+05 1.219792e-01 4.639257e+05 1.003741e-01 6.055322e+02 1.310118e-04 0.000000e+00 0.000000e+00 1.228982e+02 2.659004e-05 5.026844e+03 1.087599e-03 
11 1.956668e+05 4.233411e-02 4.662620e+05 1.008796e-01 3.220579e+01 6.967986e-06 3.424169e+05 7.408469e-02 4.639257e+05 1.003741e-01 2.832663e+02 6.128698e-05 0.000000e+00 0.000000e+00 4.835496e+01 1.046199e-05 5.026844e+03 1.087599e-03 
12 3.494448e+05 7.560523e-02 6.729409e+05 1.455962e-01 1.436816e+05 3.108669e-02 6.115284e+05 1.323092e-01 1.845993e+05 3.993957e-02 8.068952e+02 1.745784e-04 2.002694e+02 4.332991e-05 4.115983e+02 8.905265e-05 5.484695e+02 1.186659e-04 
13 2.288821e+06 4.952052e-01 4.016860e+06 8.690805e-01 3.627121e+06 7.847572e-01 4.005437e+06 8.666091e-01 3.657023e+06 7.912267e-01 3.967629e+04 8.584289e-03 8.490856e+03 1.837066e-03 3.967028e+04 8.582988e-03 8.833446e+03 1.911188e-03 
14 4.555589e+05 9.856390e-02 7.527015e+05 1.628531e-01 3.468144e+05 7.503614e-02 7.972281e+05 1.724868e-01 4.189256e+05 9.063797e-02 2.119966e+03 4.586720e-04 3.638005e+03 7.871120e-04 3.032769e+03 6.561643e-04 3.970594e+03 8.590705e-04 
15 5.686715e+05 1.230367e-01 9.941051e+05 2.150827e-01 3.331453e+04 7.207871e-03 9.951751e+05 2.153143e-01 4.689671e+05 1.014649e-01 5.291696e+03 1.144902e-03 2.987106e+00 6.462848e-07 5.461770e+03 1.181699e-03 4.696966e+03 1.016227e-03 
16 1.738856e+05 3.762156e-02 4.904653e+05 1.061162e-01 1.960336e+05 4.241347e-02 3.042997e+05 6.583773e-02 2.136987e+05 4.623547e-02 1.160494e+01 2.510823e-06 1.018713e+01 2.204069e-06 0.000000e+00 0.000000e+00 1.608370e+02 3.479841e-05 
17 1.280588e+05 2.770657e-02 5.407709e+05 1.170002e-01 1.757754e+05 3.803044e-02 2.241029e+05 4.848649e-02 1.117851e+05 2.418561e-02 6.312552e+01 1.365772e-05 1.679357e+01 3.633427e-06 0.000000e+00 0.000000e+00 4.380263e+02 9.477057e-05 
18 1.313760e+05 2.842427e-02 5.525775e+05 1.195547e-01 5.442821e+01 1.177599e-05 2.299080e+05 4.974247e-02 1.221888e+05 2.643655e-02 1.046261e+02 2.263672e-05 0.000000e+00 0.000000e+00 0.000000e+00 0.000000e+00 1.433573e+03 3.101653e-04 
19 4.533937e+04 9.809543e-03 1.205820e+05 2.608890e-02 0.000000e+00 0.000000e+00 7.934390e+04 1.716670e-02 1.221944e+05 2.643776e-02 1.140283e+01 2.467095e-06 0.000000e+00 0.000000e+00 0.000000e+00 0.000000e+00 1.433573e+03 3.101653e-04 
20 5.212276e+04 1.127719e-02 1.249856e+05 2.704165e-02 1.164938e+00 2.520439e-07 9.121483e+04 1.973507e-02 1.221821e+05 2.643509e-02 1.421142e+01 3.074757e-06 0.000000e+00 0.000000e+00 4.341016e-02 9.392142e-09 1.433573e+03 3.101653e-04 
21 1.554896e+05 3.364145e-02 6.004251e+05 1.299069e-01 2.018083e+04 4.366287e-03 2.721068e+05 5.887253e-02 1.269435e+05 2.746527e-02 1.991713e+02 4.309233e-05 3.407416e+00 7.372224e-07 0.000000e+00 0.000000e+00 1.282249e+03 2.774251e-04 
22 5.032221e+04 1.088762e-02 1.278316e+05 2.765741e-02 3.574542e+05 7.733814e-02 8.806387e+04 1.905334e-02 4.769171e+05 1.031849e-01 1.588794e+01 3.437486e-06 4.015207e+02 8.687229e-05 0.000000e+00 0.000000e+00 7.170687e+02 1.551437e-04 
23 9.288051e+05 2.009546e-01 1.640300e+06 3.548922e-01 1.883947e+06 4.076073e-01 1.625409e+06 3.516705e-01 1.850704e+06 4.004148e-01 1.528504e+04 3.307042e-03 1.383087e+04 2.992423e-03 1.424863e+04 3.082806e-03 1.360188e+04 2.942878e-03 
24 6.376924e+05 1.379700e-01 1.088796e+06 2.355700e-01 1.272118e+06 2.752331e-01 1.115962e+06 2.414474e-01 1.278983e+06 2.767185e-01 8.576050e+03 1.855498e-03 9.327253e+03 2.018027e-03 7.979836e+03 1.726503e-03 9.381922e+03 2.029855e-03 
25 1.314281e+05 2.843554e-02 4.237640e+05 9.168480e-02 1.102356e+05 2.385038e-02 2.299991e+05 4.976219e-02 1.987482e+05 4.300079e-02 1.741649e+02 3.768200e-05 2.006820e+01 4.341920e-06 0.000000e+00 0.000000e+00 1.085210e+03 2.347940e-04 
26 1.570523e+05 3.397954e-02 5.433042e+05 1.175483e-01 2.395016e+04 5.181812e-03 2.748415e+05 5.946419e-02 1.275765e+05 2.760222e-02 2.365735e+02 5.118460e-05 3.042609e+00 6.582934e-07 0.000000e+00 0.000000e+00 1.280857e+03 2.771239e-04 
27 1.402152e+05 3.033671e-02 6.207686e+05 1.343084e-01 4.080786e+03 8.829115e-04 2.453766e+05 5.308924e-02 1.205089e+05 2.607309e-02 1.785454e+02 3.862976e-05 1.394429e+00 3.016961e-07 0.000000e+00 0.000000e+00 1.360157e+03 2.942812e-04 
28 4.387037e+04 9.491713e-03 1.300710e+05 2.814193e-02 1.282366e+03 2.774504e-04 7.677315e+04 1.661050e-02 1.207024e+05 2.611496e-02 1.800036e+01 3.894524e-06 1.820906e-01 3.939678e-08 0.000000e+00 0.000000e+00 1.360186e+03 2.942873e-04 
29 4.466178e+04 9.662940e-03 1.320800e+05 2.857658e-02 2.972337e+04 6.430894e-03 7.815811e+04 1.691015e-02 1.430014e+05 3.093953e-02 1.986074e+01 4.297034e-06 3.444430e+00 7.452305e-07 0.000000e+00 0.000000e+00 1.282590e+03 2.774989e-04 
30 2.252359e+05 4.873162e-02 5.614369e+05 1.214714e-01 2.541453e+05 5.498642e-02 3.941627e+05 8.528033e-02 2.799308e+05 6.056531e-02 4.133949e+01 8.944136e-06 5.001155e+01 1.082041e-05 0.000000e+00 0.000000e+00 2.686636e+02 5.812757e-05 
31 7.033059e+05 1.521660e-01 1.264408e+06 2.735650e-01 1.603358e+06 3.468995e-01 1.230785e+06 2.662905e-01 1.620419e+06 3.505908e-01 0.000000e+00 0.000000e+00 1.189110e+04 2.572737e-03 0.000000e+00 0.000000e+00 1.194584e+04 2.584580e-03 
