#RunNumber = 80534 - EBeam = 294.25 - SqrtS = 17.3414
#period,qx,err_qx,qy,err_qy,x,err_x,y,err_y,sigmax,err_sigmax
0,677.139,9.38104,234.473,0.818284,0.829672,0.00397539,-4.94576,0.00109757,0.290621,0
1,672.155,9.29817,232.898,0.917094,0.817256,0.00411394,-4.9476,0.00114106,0.288675,0
2,690.945,9.37891,237.658,0.787132,0.806679,0.00421429,-4.94309,0.000974946,0.288675,0
3,703.909,9.6482,244.534,0.921672,0.809723,0.00416936,-4.93458,0.00110326,0.288675,0
4,492.541,15.6253,181.341,5.27292,0.819158,0.0085366,-4.98726,0.00322951,0.288675,0
5,623.676,8.60789,220.463,0.9701,0.817458,0.00408273,-4.96731,0.000949276,0.288675,0
6,639.734,8.74365,225.946,0.684133,0.819637,0.00400227,-4.96364,0.000715823,0.288675,0
7,640.296,8.72071,224.778,0.823798,0.8102,0.0041741,-4.96521,0.00102172,0.288675,0
