# MM strip-by-strip overall calibration constants
# correction factor definition: q_cal = q_raw * correction
# correction = q_ref / q_i
# RunID layer strip correction err_correction
534 L0 0 1 0
534 L0 1 1 0
534 L0 2 1 0
534 L0 3 1 0
534 L0 4 1 0
534 L0 5 1 0
534 L0 6 1 0
534 L0 7 1 0
534 L0 8 1 0
534 L0 9 1 0
534 L0 10 1 0
534 L0 11 1 0
534 L0 12 1 0
534 L0 13 1 0
534 L0 14 1 0
534 L0 15 1 0
534 L0 16 1 0
534 L0 17 1 0
534 L0 18 1 0
534 L0 19 1 0
534 L0 20 1 0
534 L0 21 1 0
534 L0 22 1 0
534 L0 23 1 0
534 L0 24 1 0
534 L0 25 1 0
534 L0 26 1 0
534 L0 27 1 0
534 L0 28 1 0
534 L0 29 1 0
534 L0 30 1 0
534 L0 31 1 0
534 L0 32 1 0
534 L0 33 1 0
534 L0 34 1 0
534 L0 35 1 0
534 L0 36 1 0
534 L0 37 1 0
534 L0 38 1 0
534 L0 39 1 0
534 L0 40 1 0
534 L0 41 1 0
534 L0 42 1 0
534 L0 43 1 0
534 L0 44 1 0
534 L0 45 1 0
534 L0 46 1 0
534 L0 47 1 0
534 L0 48 1 0
534 L0 49 1 0
534 L0 50 1 0
534 L0 51 1 0
534 L0 52 1 0
534 L0 53 1 0
534 L0 54 1 0
534 L0 55 1 0
534 L0 56 1 0
534 L0 57 1 0
534 L0 58 1 0
534 L0 59 1 0
534 L0 60 1 0
534 L0 61 1 0
534 L0 62 1 0
534 L0 63 1 0
534 L0 64 1 0
534 L0 65 1 0
534 L0 66 1 0
534 L0 67 1 0
534 L0 68 1 0
534 L0 69 1 0
534 L0 70 1 0
534 L0 71 1 0
534 L0 72 1 0
534 L0 73 1 0
534 L0 74 1 0
534 L0 75 1 0
534 L0 76 1 0
534 L0 77 1 0
534 L0 78 1 0
534 L0 79 1 0
534 L0 80 1 0
534 L0 81 1 0
534 L0 82 1 0
534 L0 83 1 0
534 L0 84 1 0
534 L0 85 1 0
534 L0 86 1 0
534 L0 87 1 0
534 L0 88 1 0
534 L0 89 1 0
534 L0 90 1 0
534 L0 91 1 0
534 L0 92 1 0
534 L0 93 1 0
534 L0 94 1 0
534 L0 95 1 0
534 L0 96 1 0
534 L0 97 1 0
534 L0 98 1 0
534 L0 99 1 0
534 L0 100 1 0
534 L0 101 1 0
534 L0 102 1 0
534 L0 103 1 0
534 L0 104 1 0
534 L0 105 1 0
534 L0 106 1 0
534 L0 107 1 0
534 L0 108 1 0
534 L0 109 1 0
534 L0 110 1 0
534 L0 111 1 0
534 L0 112 1 0
534 L0 113 1 0
534 L0 114 1 0
534 L0 115 1 0
534 L0 116 1 0
534 L0 117 1 0
534 L0 118 1 0
534 L0 119 1 0
534 L0 120 1 0
534 L0 121 1 0
534 L0 122 1 0
534 L0 123 1 0
534 L0 124 1 0
534 L0 125 1 0
534 L0 126 1 0
534 L0 127 1 0
534 L0 128 1 0
534 L0 129 1 0
534 L0 130 1 0
534 L0 131 1 0
534 L0 132 1 0
534 L0 133 1 0
534 L0 134 1 0
534 L0 135 1 0
534 L0 136 1 0
534 L0 137 1 0
534 L0 138 1 0
534 L0 139 1 0
534 L0 140 1 0
534 L0 141 1 0
534 L0 142 1 0
534 L0 143 1 0
534 L0 144 1 0
534 L0 145 1 0
534 L0 146 1 0
534 L0 147 1 0
534 L0 148 1 0
534 L0 149 1 0
534 L0 150 1 0
534 L0 151 1 0
534 L0 152 1 0
534 L0 153 1 0
534 L0 154 1 0
534 L0 155 1 0
534 L0 156 1 0
534 L0 157 1 0
534 L0 158 1 0
534 L0 159 1 0
534 L0 160 1 0
534 L0 161 1 0
534 L0 162 1 0
534 L0 163 1 0
534 L0 164 1 0
534 L0 165 1 0
534 L0 166 1 0
534 L0 167 1 0
534 L0 168 1 0
534 L0 169 1 0
534 L0 170 1 0
534 L0 171 1 0
534 L0 172 1 0
534 L0 173 1 0
534 L0 174 1 0
534 L0 175 1 0
534 L0 176 1 0
534 L0 177 1 0
534 L0 178 1 0
534 L0 179 1 0
534 L0 180 1 0
534 L0 181 1 0
534 L0 182 1 0
534 L0 183 1 0
534 L0 184 1 0
534 L0 185 1 0
534 L0 186 1 0
534 L0 187 1 0
534 L0 188 1 0
534 L0 189 1 0
534 L0 190 1 0
534 L0 191 1 0
534 L0 192 1 0
534 L0 193 1 0
534 L0 194 1 0
534 L0 195 1 0
534 L0 196 1 0
534 L0 197 1 0
534 L0 198 1 0
534 L0 199 1 0
534 L0 200 1 0
534 L0 201 1 0
534 L0 202 1 0
534 L0 203 1 0
534 L0 204 1 0
534 L0 205 1 0
534 L0 206 1 0
534 L0 207 1 0
534 L0 208 1 0
534 L0 209 1 0
534 L0 210 1 0
534 L0 211 1 0
534 L0 212 1 0
534 L0 213 1 0
534 L0 214 1 0
534 L0 215 1 0
534 L0 216 1 0
534 L0 217 1 0
534 L0 218 1 0
534 L0 219 1 0
534 L0 220 1 0
534 L0 221 1 0
534 L0 222 1 0
534 L0 223 1 0
534 L0 224 1 0
534 L0 225 1 0
534 L0 226 1 0
534 L0 227 1 0
534 L0 228 1 0
534 L0 229 1 0
534 L0 230 1 0
534 L0 231 1 0
534 L0 232 1 0
534 L0 233 1 0
534 L0 234 1 0
534 L0 235 1 0
534 L0 236 1 0
534 L0 237 1 0
534 L0 238 1 0
534 L0 239 1 0
534 L0 240 1 0
534 L0 241 1 0
534 L0 242 1 0
534 L0 243 1 0
534 L0 244 1 0
534 L0 245 1 0
534 L0 246 1 0
534 L0 247 1 0
534 L0 248 1 0
534 L0 249 1 0
534 L0 250 1 0
534 L0 251 1 0
534 L0 252 1 0
534 L0 253 1 0
534 L0 254 1 0
534 L0 255 1 0
534 L0 256 1 0
534 L0 257 1 0
534 L0 258 1 0
534 L0 259 1 0
534 L0 260 1 0
534 L0 261 1 0
534 L0 262 1 0
534 L0 263 1 0
534 L0 264 1 0
534 L0 265 1 0
534 L0 266 1 0
534 L0 267 1 0
534 L0 268 1 0
534 L0 269 1 0
534 L0 270 1 0
534 L0 271 1 0
534 L0 272 1 0
534 L0 273 1 0
534 L0 274 1 0
534 L0 275 1 0
534 L0 276 1 0
534 L0 277 1 0
534 L0 278 1 0
534 L0 279 1 0
534 L0 280 1 0
534 L0 281 1 0
534 L0 282 1 0
534 L0 283 1 0
534 L0 284 1 0
534 L0 285 1 0
534 L0 286 1 0
534 L0 287 1 0
534 L0 288 1 0
534 L0 289 1 0
534 L0 290 1 0
534 L0 291 1 0
534 L0 292 1 0
534 L0 293 1 0
534 L0 294 1 0
534 L0 295 1 0
534 L0 296 1 0
534 L0 297 1 0
534 L0 298 1 0
534 L0 299 1 0
534 L0 300 1 0
534 L0 301 1 0
534 L0 302 1 0
534 L0 303 1 0
534 L0 304 1 0
534 L0 305 1 0
534 L0 306 1 0
534 L0 307 1 0
534 L0 308 1 0
534 L0 309 1 0
534 L0 310 1 0
534 L0 311 1 0
534 L0 312 1 0
534 L0 313 1 0
534 L0 314 1 0
534 L0 315 1 0
534 L0 316 1 0
534 L0 317 1 0
534 L0 318 1 0
534 L0 319 1 0
534 L0 320 1 0
534 L0 321 1 0
534 L0 322 1 0
534 L0 323 1 0
534 L0 324 1 0
534 L0 325 1 0
534 L0 326 1 0
534 L0 327 1 0
534 L0 328 1 0
534 L0 329 1 0
534 L0 330 1 0
534 L0 331 1 0
534 L0 332 1 0
534 L0 333 1 0
534 L0 334 1 0
534 L0 335 1 0
534 L0 336 1 0
534 L0 337 1 0
534 L0 338 1 0
534 L0 339 1 0
534 L0 340 1 0
534 L0 341 1 0
534 L0 342 1 0
534 L0 343 1 0
534 L0 344 1 0
534 L0 345 1 0
534 L0 346 1 0
534 L0 347 1 0
534 L0 348 1 0
534 L0 349 1 0
534 L0 350 1 0
534 L0 351 1 0
534 L0 352 1 0
534 L0 353 1 0
534 L0 354 1 0
534 L0 355 1 0
534 L0 356 1 0
534 L0 357 1 0
534 L0 358 1 0
534 L0 359 1 0
534 L0 360 1 0
534 L0 361 1 0
534 L0 362 1 0
534 L0 363 1 0
534 L0 364 1 0
534 L0 365 1 0
534 L0 366 1 0
534 L0 367 1 0
534 L0 368 1 0
534 L0 369 1 0
534 L0 370 1 0
534 L0 371 1 0
534 L0 372 1 0
534 L0 373 1 0
534 L0 374 1 0
534 L0 375 1 0
534 L0 376 1 0
534 L0 377 1 0
534 L0 378 1 0
534 L0 379 1 0
534 L0 380 1 0
534 L0 381 1 0
534 L0 382 1 0
534 L0 383 1 0
534 L0 384 1 0
534 L0 385 1 0
534 L0 386 1 0
534 L0 387 1 0
534 L0 388 1 0
534 L0 389 1 0
534 L0 390 1 0
534 L0 391 1 0
534 L0 392 1 0
534 L0 393 1 0
534 L0 394 1 0
534 L0 395 1 0
534 L0 396 1 0
534 L0 397 1 0
534 L0 398 1 0
534 L0 399 1 0
534 L0 400 1 0
534 L0 401 1 0
534 L0 402 1 0
534 L0 403 1 0
534 L0 404 1 0
534 L0 405 1 0
534 L0 406 1 0
534 L0 407 1 0
534 L0 408 1 0
534 L0 409 1 0
534 L0 410 1 0
534 L0 411 1 0
534 L0 412 1 0
534 L0 413 1 0
534 L0 414 1 0
534 L0 415 1 0
534 L0 416 1 0
534 L0 417 1 0
534 L0 418 1 0
534 L0 419 1 0
534 L0 420 1 0
534 L0 421 1 0
534 L0 422 1 0
534 L0 423 1 0
534 L0 424 1 0
534 L0 425 1 0
534 L0 426 1 0
534 L0 427 1 0
534 L0 428 1 0
534 L0 429 1 0
534 L0 430 1 0
534 L0 431 1 0
534 L0 432 1 0
534 L0 433 1 0
534 L0 434 1 0
534 L0 435 1 0
534 L0 436 1 0
534 L0 437 1 0
534 L0 438 1 0
534 L0 439 1 0
534 L0 440 1 0
534 L0 441 1 0
534 L0 442 1 0
534 L0 443 1 0
534 L0 444 1 0
534 L0 445 1 0
534 L0 446 1 0
534 L0 447 1 0
534 L0 448 1 0
534 L0 449 1 0
534 L0 450 1 0
534 L0 451 1 0
534 L0 452 1 0
534 L0 453 1 0
534 L0 454 1 0
534 L0 455 1 0
534 L0 456 1 0
534 L0 457 1 0
534 L0 458 1 0
534 L0 459 1 0
534 L0 460 1 0
534 L0 461 1 0
534 L0 462 1 0
534 L0 463 1 0
534 L0 464 1 0
534 L0 465 1 0
534 L0 466 1 0
534 L0 467 1 0
534 L0 468 1 0
534 L0 469 1 0
534 L0 470 1 0
534 L0 471 1 0
534 L0 472 1 0
534 L0 473 1 0
534 L0 474 1 0
534 L0 475 1 0
534 L0 476 1 0
534 L0 477 1 0
534 L0 478 1 0
534 L0 479 1 0
534 L0 480 1 0
534 L0 481 1 0
534 L0 482 1 0
534 L0 483 1 0
534 L0 484 1 0
534 L0 485 1 0
534 L0 486 1 0
534 L0 487 1 0
534 L0 488 1 0
534 L0 489 1 0
534 L0 490 1 0
534 L0 491 1 0
534 L0 492 1 0
534 L0 493 1 0
534 L0 494 1 0
534 L0 495 1 0
534 L0 496 1 0
534 L0 497 1 0
534 L0 498 1 0
534 L0 499 1 0
534 L0 500 1 0
534 L0 501 1 0
534 L0 502 1 0
534 L0 503 1 0
534 L0 504 1 0
534 L0 505 1 0
534 L0 506 1 0
534 L0 507 1 0
534 L0 508 1 0
534 L0 509 1 0
534 L0 510 1 0
534 L0 511 1 0
534 L1 0 1 0
534 L1 1 1 0
534 L1 2 1 0
534 L1 3 1 0
534 L1 4 1 0
534 L1 5 1 0
534 L1 6 1 0
534 L1 7 1 0
534 L1 8 1 0
534 L1 9 1 0
534 L1 10 1 0
534 L1 11 1 0
534 L1 12 1 0
534 L1 13 1 0
534 L1 14 1 0
534 L1 15 1 0
534 L1 16 1 0
534 L1 17 1 0
534 L1 18 1 0
534 L1 19 1 0
534 L1 20 1 0
534 L1 21 1 0
534 L1 22 1 0
534 L1 23 1 0
534 L1 24 1 0
534 L1 25 1 0
534 L1 26 1 0
534 L1 27 1 0
534 L1 28 1 0
534 L1 29 1 0
534 L1 30 1 0
534 L1 31 1 0
534 L1 32 1 0
534 L1 33 1 0
534 L1 34 1 0
534 L1 35 1 0
534 L1 36 1 0
534 L1 37 1 0
534 L1 38 1 0
534 L1 39 1 0
534 L1 40 1 0
534 L1 41 1 0
534 L1 42 1 0
534 L1 43 1 0
534 L1 44 1 0
534 L1 45 1 0
534 L1 46 1 0
534 L1 47 1 0
534 L1 48 1 0
534 L1 49 1 0
534 L1 50 1 0
534 L1 51 1 0
534 L1 52 1 0
534 L1 53 1 0
534 L1 54 1 0
534 L1 55 1 0
534 L1 56 1 0
534 L1 57 1 0
534 L1 58 1 0
534 L1 59 1 0
534 L1 60 1 0
534 L1 61 1 0
534 L1 62 1 0
534 L1 63 1 0
534 L1 64 1 0
534 L1 65 1 0
534 L1 66 1 0
534 L1 67 1 0
534 L1 68 1 0
534 L1 69 1 0
534 L1 70 1 0
534 L1 71 1 0
534 L1 72 1 0
534 L1 73 1 0
534 L1 74 1 0
534 L1 75 1 0
534 L1 76 1 0
534 L1 77 1 0
534 L1 78 1 0
534 L1 79 1 0
534 L1 80 1 0
534 L1 81 1 0
534 L1 82 1 0
534 L1 83 1 0
534 L1 84 1 0
534 L1 85 1 0
534 L1 86 1 0
534 L1 87 1 0
534 L1 88 1 0
534 L1 89 1 0
534 L1 90 1 0
534 L1 91 1 0
534 L1 92 1 0
534 L1 93 1 0
534 L1 94 1 0
534 L1 95 1 0
534 L1 96 1 0
534 L1 97 1 0
534 L1 98 1 0
534 L1 99 1 0
534 L1 100 1 0
534 L1 101 1 0
534 L1 102 1 0
534 L1 103 1 0
534 L1 104 1 0
534 L1 105 1 0
534 L1 106 1 0
534 L1 107 1 0
534 L1 108 1 0
534 L1 109 1 0
534 L1 110 1 0
534 L1 111 1 0
534 L1 112 1 0
534 L1 113 1 0
534 L1 114 1 0
534 L1 115 1 0
534 L1 116 1 0
534 L1 117 1 0
534 L1 118 1 0
534 L1 119 1 0
534 L1 120 1 0
534 L1 121 1 0
534 L1 122 1 0
534 L1 123 1 0
534 L1 124 1 0
534 L1 125 1 0
534 L1 126 1 0
534 L1 127 1 0
534 L1 128 1 0
534 L1 129 1 0
534 L1 130 1 0
534 L1 131 1 0
534 L1 132 1 0
534 L1 133 1 0
534 L1 134 1 0
534 L1 135 1 0
534 L1 136 1 0
534 L1 137 1 0
534 L1 138 1 0
534 L1 139 1 0
534 L1 140 1 0
534 L1 141 1 0
534 L1 142 1 0
534 L1 143 1 0
534 L1 144 1 0
534 L1 145 1 0
534 L1 146 1 0
534 L1 147 1 0
534 L1 148 1 0
534 L1 149 1 0
534 L1 150 1 0
534 L1 151 1 0
534 L1 152 1 0
534 L1 153 1 0
534 L1 154 1 0
534 L1 155 1 0
534 L1 156 1 0
534 L1 157 1 0
534 L1 158 1 0
534 L1 159 1 0
534 L1 160 1 0
534 L1 161 1 0
534 L1 162 1 0
534 L1 163 1 0
534 L1 164 1 0
534 L1 165 1 0
534 L1 166 1 0
534 L1 167 1 0
534 L1 168 1 0
534 L1 169 1 0
534 L1 170 1 0
534 L1 171 1 0
534 L1 172 1 0
534 L1 173 1 0
534 L1 174 1 0
534 L1 175 1 0
534 L1 176 1 0
534 L1 177 1 0
534 L1 178 1 0
534 L1 179 1 0
534 L1 180 1 0
534 L1 181 1 0
534 L1 182 1 0
534 L1 183 1 0
534 L1 184 1 0
534 L1 185 1 0
534 L1 186 1 0
534 L1 187 1 0
534 L1 188 1 0
534 L1 189 1 0
534 L1 190 1 0
534 L1 191 1 0
534 L1 192 1 0
534 L1 193 1 0
534 L1 194 1 0
534 L1 195 1 0
534 L1 196 1 0
534 L1 197 1 0
534 L1 198 1 0
534 L1 199 1 0
534 L1 200 1 0
534 L1 201 1 0
534 L1 202 1 0
534 L1 203 1 0
534 L1 204 1 0
534 L1 205 1 0
534 L1 206 1 0
534 L1 207 1 0
534 L1 208 1 0
534 L1 209 1 0
534 L1 210 1 0
534 L1 211 1 0
534 L1 212 1 0
534 L1 213 1 0
534 L1 214 1 0
534 L1 215 1 0
534 L1 216 1 0
534 L1 217 1 0
534 L1 218 1 0
534 L1 219 1 0
534 L1 220 1 0
534 L1 221 1 0
534 L1 222 1 0
534 L1 223 1 0
534 L1 224 1 0
534 L1 225 1 0
534 L1 226 1 0
534 L1 227 1 0
534 L1 228 1 0
534 L1 229 1 0
534 L1 230 1 0
534 L1 231 1 0
534 L1 232 1 0
534 L1 233 1 0
534 L1 234 1 0
534 L1 235 1 0
534 L1 236 1 0
534 L1 237 1 0
534 L1 238 1 0
534 L1 239 1 0
534 L1 240 1 0
534 L1 241 1 0
534 L1 242 1 0
534 L1 243 1 0
534 L1 244 1 0
534 L1 245 1 0
534 L1 246 1 0
534 L1 247 1 0
534 L1 248 1 0
534 L1 249 1 0
534 L1 250 1 0
534 L1 251 1 0
534 L1 252 1 0
534 L1 253 1 0
534 L1 254 1 0
534 L1 255 1 0
534 L1 256 1 0
534 L1 257 1 0
534 L1 258 1 0
534 L1 259 1 0
534 L1 260 1 0
534 L1 261 1 0
534 L1 262 1 0
534 L1 263 1 0
534 L1 264 1 0
534 L1 265 1 0
534 L1 266 1 0
534 L1 267 1 0
534 L1 268 1 0
534 L1 269 1 0
534 L1 270 1 0
534 L1 271 1 0
534 L1 272 1 0
534 L1 273 1 0
534 L1 274 1 0
534 L1 275 1 0
534 L1 276 1 0
534 L1 277 1 0
534 L1 278 1 0
534 L1 279 1 0
534 L1 280 1 0
534 L1 281 1 0
534 L1 282 1 0
534 L1 283 1 0
534 L1 284 1 0
534 L1 285 1 0
534 L1 286 1 0
534 L1 287 1 0
534 L1 288 1 0
534 L1 289 1 0
534 L1 290 1 0
534 L1 291 1 0
534 L1 292 1 0
534 L1 293 1 0
534 L1 294 1 0
534 L1 295 1 0
534 L1 296 1 0
534 L1 297 1 0
534 L1 298 1 0
534 L1 299 1 0
534 L1 300 1 0
534 L1 301 1 0
534 L1 302 1 0
534 L1 303 1 0
534 L1 304 1 0
534 L1 305 1 0
534 L1 306 1 0
534 L1 307 1 0
534 L1 308 1 0
534 L1 309 1 0
534 L1 310 1 0
534 L1 311 1 0
534 L1 312 1 0
534 L1 313 1 0
534 L1 314 1 0
534 L1 315 1 0
534 L1 316 1 0
534 L1 317 1 0
534 L1 318 1 0
534 L1 319 1 0
534 L1 320 1 0
534 L1 321 1 0
534 L1 322 1 0
534 L1 323 1 0
534 L1 324 1 0
534 L1 325 1 0
534 L1 326 1 0
534 L1 327 1 0
534 L1 328 1 0
534 L1 329 1 0
534 L1 330 1 0
534 L1 331 1 0
534 L1 332 1 0
534 L1 333 1 0
534 L1 334 1 0
534 L1 335 1 0
534 L1 336 1 0
534 L1 337 1 0
534 L1 338 1 0
534 L1 339 1 0
534 L1 340 1 0
534 L1 341 1 0
534 L1 342 1 0
534 L1 343 1 0
534 L1 344 1 0
534 L1 345 1 0
534 L1 346 1 0
534 L1 347 1 0
534 L1 348 1 0
534 L1 349 1 0
534 L1 350 1 0
534 L1 351 1 0
534 L1 352 1 0
534 L1 353 1 0
534 L1 354 1 0
534 L1 355 1 0
534 L1 356 1 0
534 L1 357 1 0
534 L1 358 1 0
534 L1 359 1 0
534 L1 360 1 0
534 L1 361 1 0
534 L1 362 1 0
534 L1 363 1 0
534 L1 364 1 0
534 L1 365 1 0
534 L1 366 1 0
534 L1 367 1 0
534 L1 368 1 0
534 L1 369 1 0
534 L1 370 1 0
534 L1 371 1 0
534 L1 372 1 0
534 L1 373 1 0
534 L1 374 1 0
534 L1 375 1 0
534 L1 376 1 0
534 L1 377 1 0
534 L1 378 1 0
534 L1 379 1 0
534 L1 380 1 0
534 L1 381 1 0
534 L1 382 1 0
534 L1 383 1 0
534 L1 384 1 0
534 L1 385 1 0
534 L1 386 1 0
534 L1 387 1 0
534 L1 388 1 0
534 L1 389 1 0
534 L1 390 1 0
534 L1 391 1 0
534 L1 392 1 0
534 L1 393 1 0
534 L1 394 1 0
534 L1 395 1 0
534 L1 396 1 0
534 L1 397 1 0
534 L1 398 1 0
534 L1 399 1 0
534 L1 400 1 0
534 L1 401 1 0
534 L1 402 1 0
534 L1 403 1 0
534 L1 404 1 0
534 L1 405 1 0
534 L1 406 1 0
534 L1 407 1 0
534 L1 408 1 0
534 L1 409 1 0
534 L1 410 1 0
534 L1 411 1 0
534 L1 412 1 0
534 L1 413 1 0
534 L1 414 1 0
534 L1 415 1 0
534 L1 416 1 0
534 L1 417 1 0
534 L1 418 1 0
534 L1 419 1 0
534 L1 420 1 0
534 L1 421 1 0
534 L1 422 1 0
534 L1 423 1 0
534 L1 424 1 0
534 L1 425 1 0
534 L1 426 1 0
534 L1 427 1 0
534 L1 428 1 0
534 L1 429 1 0
534 L1 430 1 0
534 L1 431 1 0
534 L1 432 1 0
534 L1 433 1 0
534 L1 434 1 0
534 L1 435 1 0
534 L1 436 1 0
534 L1 437 1 0
534 L1 438 1 0
534 L1 439 1 0
534 L1 440 1 0
534 L1 441 1 0
534 L1 442 1 0
534 L1 443 1 0
534 L1 444 1 0
534 L1 445 1 0
534 L1 446 1 0
534 L1 447 1 0
534 L1 448 1 0
534 L1 449 1 0
534 L1 450 1 0
534 L1 451 1 0
534 L1 452 1 0
534 L1 453 1 0
534 L1 454 1 0
534 L1 455 1 0
534 L1 456 1 0
534 L1 457 1 0
534 L1 458 1 0
534 L1 459 1 0
534 L1 460 1 0
534 L1 461 1 0
534 L1 462 1 0
534 L1 463 1 0
534 L1 464 1 0
534 L1 465 1 0
534 L1 466 1 0
534 L1 467 1 0
534 L1 468 1 0
534 L1 469 1 0
534 L1 470 1 0
534 L1 471 1 0
534 L1 472 1 0
534 L1 473 1 0
534 L1 474 1 0
534 L1 475 1 0
534 L1 476 1 0
534 L1 477 1 0
534 L1 478 1 0
534 L1 479 1 0
534 L1 480 1 0
534 L1 481 1 0
534 L1 482 1 0
534 L1 483 1 0
534 L1 484 1 0
534 L1 485 1 0
534 L1 486 1 0
534 L1 487 1 0
534 L1 488 1 0
534 L1 489 1 0
534 L1 490 1 0
534 L1 491 1 0
534 L1 492 1 0
534 L1 493 1 0
534 L1 494 1 0
534 L1 495 1 0
534 L1 496 1 0
534 L1 497 1 0
534 L1 498 1 0
534 L1 499 1 0
534 L1 500 1 0
534 L1 501 1 0
534 L1 502 1 0
534 L1 503 1 0
534 L1 504 1 0
534 L1 505 1 0
534 L1 506 1 0
534 L1 507 1 0
534 L1 508 1 0
534 L1 509 1 0
534 L1 510 1 0
534 L1 511 1 0
534 L2 0 1 0
534 L2 1 1 0
534 L2 2 1 0
534 L2 3 1 0
534 L2 4 1 0
534 L2 5 1 0
534 L2 6 1 0
534 L2 7 1 0
534 L2 8 1 0
534 L2 9 1 0
534 L2 10 1 0
534 L2 11 1 0
534 L2 12 1 0
534 L2 13 1 0
534 L2 14 1 0
534 L2 15 1 0
534 L2 16 1 0
534 L2 17 1 0
534 L2 18 1 0
534 L2 19 1 0
534 L2 20 1 0
534 L2 21 1 0
534 L2 22 1 0
534 L2 23 1 0
534 L2 24 1 0
534 L2 25 1 0
534 L2 26 1 0
534 L2 27 1 0
534 L2 28 1 0
534 L2 29 1 0
534 L2 30 1 0
534 L2 31 1 0
534 L2 32 1 0
534 L2 33 1 0
534 L2 34 1 0
534 L2 35 1 0
534 L2 36 1 0
534 L2 37 1 0
534 L2 38 1 0
534 L2 39 1 0
534 L2 40 1 0
534 L2 41 1 0
534 L2 42 1 0
534 L2 43 1 0
534 L2 44 1 0
534 L2 45 1 0
534 L2 46 1 0
534 L2 47 1 0
534 L2 48 1 0
534 L2 49 1 0
534 L2 50 1 0
534 L2 51 1 0
534 L2 52 1 0
534 L2 53 1 0
534 L2 54 1 0
534 L2 55 1 0
534 L2 56 1 0
534 L2 57 1 0
534 L2 58 1 0
534 L2 59 1 0
534 L2 60 1 0
534 L2 61 1 0
534 L2 62 1 0
534 L2 63 1 0
534 L2 64 1 0
534 L2 65 1 0
534 L2 66 1 0
534 L2 67 1 0
534 L2 68 1 0
534 L2 69 1 0
534 L2 70 1 0
534 L2 71 1 0
534 L2 72 1 0
534 L2 73 1 0
534 L2 74 1 0
534 L2 75 1 0
534 L2 76 1 0
534 L2 77 1 0
534 L2 78 1 0
534 L2 79 1 0
534 L2 80 1 0
534 L2 81 1 0
534 L2 82 1 0
534 L2 83 1 0
534 L2 84 1 0
534 L2 85 1 0
534 L2 86 1 0
534 L2 87 1 0
534 L2 88 1 0
534 L2 89 1 0
534 L2 90 1 0
534 L2 91 1 0
534 L2 92 1 0
534 L2 93 1 0
534 L2 94 1 0
534 L2 95 1 0
534 L2 96 1 0
534 L2 97 1 0
534 L2 98 1 0
534 L2 99 1 0
534 L2 100 1 0
534 L2 101 1 0
534 L2 102 1 0
534 L2 103 1 0
534 L2 104 1 0
534 L2 105 1 0
534 L2 106 1 0
534 L2 107 1 0
534 L2 108 1 0
534 L2 109 1 0
534 L2 110 1 0
534 L2 111 1 0
534 L2 112 1 0
534 L2 113 1 0
534 L2 114 1 0
534 L2 115 1 0
534 L2 116 1 0
534 L2 117 1 0
534 L2 118 1 0
534 L2 119 1 0
534 L2 120 1 0
534 L2 121 1 0
534 L2 122 1 0
534 L2 123 1 0
534 L2 124 1 0
534 L2 125 1 0
534 L2 126 1 0
534 L2 127 1 0
534 L2 128 1 0
534 L2 129 1 0
534 L2 130 1 0
534 L2 131 1 0
534 L2 132 1 0
534 L2 133 1 0
534 L2 134 1 0
534 L2 135 1 0
534 L2 136 1 0
534 L2 137 1 0
534 L2 138 1 0
534 L2 139 1 0
534 L2 140 1 0
534 L2 141 1 0
534 L2 142 1 0
534 L2 143 1 0
534 L2 144 1 0
534 L2 145 1 0
534 L2 146 1 0
534 L2 147 1 0
534 L2 148 1 0
534 L2 149 1 0
534 L2 150 1 0
534 L2 151 1 0
534 L2 152 1 0
534 L2 153 1 0
534 L2 154 1 0
534 L2 155 1 0
534 L2 156 1 0
534 L2 157 1 0
534 L2 158 1 0
534 L2 159 1 0
534 L2 160 1 0
534 L2 161 1 0
534 L2 162 1 0
534 L2 163 1 0
534 L2 164 1 0
534 L2 165 1 0
534 L2 166 1 0
534 L2 167 1 0
534 L2 168 1 0
534 L2 169 1 0
534 L2 170 1 0
534 L2 171 1 0
534 L2 172 1 0
534 L2 173 1 0
534 L2 174 1 0
534 L2 175 1 0
534 L2 176 1 0
534 L2 177 1 0
534 L2 178 1 0
534 L2 179 1 0
534 L2 180 1 0
534 L2 181 1 0
534 L2 182 1 0
534 L2 183 1 0
534 L2 184 1 0
534 L2 185 1 0
534 L2 186 1 0
534 L2 187 1 0
534 L2 188 1 0
534 L2 189 1 0
534 L2 190 1 0
534 L2 191 1 0
534 L2 192 1 0
534 L2 193 1 0
534 L2 194 1 0
534 L2 195 1 0
534 L2 196 1 0
534 L2 197 1 0
534 L2 198 1 0
534 L2 199 1 0
534 L2 200 1 0
534 L2 201 1 0
534 L2 202 1 0
534 L2 203 1 0
534 L2 204 1 0
534 L2 205 1 0
534 L2 206 1 0
534 L2 207 1 0
534 L2 208 1 0
534 L2 209 1 0
534 L2 210 1 0
534 L2 211 1 0
534 L2 212 1 0
534 L2 213 1 0
534 L2 214 1 0
534 L2 215 1 0
534 L2 216 1 0
534 L2 217 1 0
534 L2 218 1 0
534 L2 219 1 0
534 L2 220 1 0
534 L2 221 1 0
534 L2 222 1 0
534 L2 223 1 0
534 L2 224 1 0
534 L2 225 1 0
534 L2 226 1 0
534 L2 227 1 0
534 L2 228 1 0
534 L2 229 1 0
534 L2 230 1 0
534 L2 231 1 0
534 L2 232 1 0
534 L2 233 1 0
534 L2 234 1 0
534 L2 235 1 0
534 L2 236 1 0
534 L2 237 1 0
534 L2 238 1 0
534 L2 239 1 0
534 L2 240 1 0
534 L2 241 1 0
534 L2 242 1 0
534 L2 243 1 0
534 L2 244 1 0
534 L2 245 1 0
534 L2 246 1 0
534 L2 247 1 0
534 L2 248 1 0
534 L2 249 1 0
534 L2 250 1 0
534 L2 251 1 0
534 L2 252 1 0
534 L2 253 1 0
534 L2 254 1 0
534 L2 255 1 0
534 L2 256 1 0
534 L2 257 1 0
534 L2 258 1 0
534 L2 259 1 0
534 L2 260 1 0
534 L2 261 1 0
534 L2 262 1 0
534 L2 263 1 0
534 L2 264 1 0
534 L2 265 1 0
534 L2 266 1 0
534 L2 267 1 0
534 L2 268 1 0
534 L2 269 1 0
534 L2 270 1 0
534 L2 271 1 0
534 L2 272 1 0
534 L2 273 1 0
534 L2 274 1 0
534 L2 275 1 0
534 L2 276 1 0
534 L2 277 1 0
534 L2 278 1 0
534 L2 279 1 0
534 L2 280 1 0
534 L2 281 1 0
534 L2 282 1 0
534 L2 283 1 0
534 L2 284 1 0
534 L2 285 1 0
534 L2 286 1 0
534 L2 287 1 0
534 L2 288 1 0
534 L2 289 1 0
534 L2 290 1 0
534 L2 291 1 0
534 L2 292 1 0
534 L2 293 1 0
534 L2 294 1 0
534 L2 295 1 0
534 L2 296 1 0
534 L2 297 1 0
534 L2 298 1 0
534 L2 299 1 0
534 L2 300 1 0
534 L2 301 1 0
534 L2 302 1 0
534 L2 303 1 0
534 L2 304 1 0
534 L2 305 1 0
534 L2 306 1 0
534 L2 307 1 0
534 L2 308 1 0
534 L2 309 1 0
534 L2 310 1 0
534 L2 311 1 0
534 L2 312 1 0
534 L2 313 1 0
534 L2 314 1 0
534 L2 315 1 0
534 L2 316 1 0
534 L2 317 1 0
534 L2 318 1 0
534 L2 319 1 0
534 L2 320 1 0
534 L2 321 1 0
534 L2 322 1 0
534 L2 323 1 0
534 L2 324 1 0
534 L2 325 1 0
534 L2 326 1 0
534 L2 327 1 0
534 L2 328 1 0
534 L2 329 1 0
534 L2 330 1 0
534 L2 331 1 0
534 L2 332 1 0
534 L2 333 1 0
534 L2 334 1 0
534 L2 335 1 0
534 L2 336 1 0
534 L2 337 1 0
534 L2 338 1 0
534 L2 339 1 0
534 L2 340 1 0
534 L2 341 1 0
534 L2 342 1 0
534 L2 343 1 0
534 L2 344 1 0
534 L2 345 1 0
534 L2 346 1 0
534 L2 347 1 0
534 L2 348 1 0
534 L2 349 1 0
534 L2 350 1 0
534 L2 351 1 0
534 L2 352 1 0
534 L2 353 1 0
534 L2 354 1 0
534 L2 355 1 0
534 L2 356 1 0
534 L2 357 1 0
534 L2 358 1 0
534 L2 359 1 0
534 L2 360 1 0
534 L2 361 1 0
534 L2 362 1 0
534 L2 363 1 0
534 L2 364 1 0
534 L2 365 1 0
534 L2 366 1 0
534 L2 367 1 0
534 L2 368 1 0
534 L2 369 1 0
534 L2 370 1 0
534 L2 371 1 0
534 L2 372 1 0
534 L2 373 1 0
534 L2 374 1 0
534 L2 375 1 0
534 L2 376 1 0
534 L2 377 1 0
534 L2 378 1 0
534 L2 379 1 0
534 L2 380 1 0
534 L2 381 1 0
534 L2 382 1 0
534 L2 383 1 0
534 L2 384 1 0
534 L2 385 1 0
534 L2 386 1 0
534 L2 387 1 0
534 L2 388 1 0
534 L2 389 1 0
534 L2 390 1 0
534 L2 391 1 0
534 L2 392 1 0
534 L2 393 1 0
534 L2 394 1 0
534 L2 395 1 0
534 L2 396 1 0
534 L2 397 1 0
534 L2 398 1 0
534 L2 399 1 0
534 L2 400 1 0
534 L2 401 1 0
534 L2 402 1 0
534 L2 403 1 0
534 L2 404 1 0
534 L2 405 1 0
534 L2 406 1 0
534 L2 407 1 0
534 L2 408 1 0
534 L2 409 1 0
534 L2 410 1 0
534 L2 411 1 0
534 L2 412 1 0
534 L2 413 1 0
534 L2 414 1 0
534 L2 415 1 0
534 L2 416 1 0
534 L2 417 1 0
534 L2 418 1 0
534 L2 419 1 0
534 L2 420 1 0
534 L2 421 1 0
534 L2 422 1 0
534 L2 423 1 0
534 L2 424 1 0
534 L2 425 1 0
534 L2 426 1 0
534 L2 427 1 0
534 L2 428 1 0
534 L2 429 1 0
534 L2 430 1 0
534 L2 431 1 0
534 L2 432 1 0
534 L2 433 1 0
534 L2 434 1 0
534 L2 435 1 0
534 L2 436 1 0
534 L2 437 1 0
534 L2 438 1 0
534 L2 439 1 0
534 L2 440 1 0
534 L2 441 1 0
534 L2 442 1 0
534 L2 443 1 0
534 L2 444 1 0
534 L2 445 1 0
534 L2 446 1 0
534 L2 447 1 0
534 L2 448 1 0
534 L2 449 1 0
534 L2 450 1 0
534 L2 451 1 0
534 L2 452 1 0
534 L2 453 1 0
534 L2 454 1 0
534 L2 455 1 0
534 L2 456 1 0
534 L2 457 1 0
534 L2 458 1 0
534 L2 459 1 0
534 L2 460 1 0
534 L2 461 1 0
534 L2 462 1 0
534 L2 463 1 0
534 L2 464 1 0
534 L2 465 1 0
534 L2 466 1 0
534 L2 467 1 0
534 L2 468 1 0
534 L2 469 1 0
534 L2 470 1 0
534 L2 471 1 0
534 L2 472 1 0
534 L2 473 1 0
534 L2 474 1 0
534 L2 475 1 0
534 L2 476 1 0
534 L2 477 1 0
534 L2 478 1 0
534 L2 479 1 0
534 L2 480 1 0
534 L2 481 1 0
534 L2 482 1 0
534 L2 483 1 0
534 L2 484 1 0
534 L2 485 1 0
534 L2 486 1 0
534 L2 487 1 0
534 L2 488 1 0
534 L2 489 1 0
534 L2 490 1 0
534 L2 491 1 0
534 L2 492 1 0
534 L2 493 1 0
534 L2 494 1 0
534 L2 495 1 0
534 L2 496 1 0
534 L2 497 1 0
534 L2 498 1 0
534 L2 499 1 0
534 L2 500 1 0
534 L2 501 1 0
534 L2 502 1 0
534 L2 503 1 0
534 L2 504 1 0
534 L2 505 1 0
534 L2 506 1 0
534 L2 507 1 0
534 L2 508 1 0
534 L2 509 1 0
534 L2 510 1 0
534 L2 511 1 0
534 L3 0 1 0
534 L3 1 1 0
534 L3 2 1 0
534 L3 3 1 0
534 L3 4 1 0
534 L3 5 1 0
534 L3 6 1 0
534 L3 7 1 0
534 L3 8 1 0
534 L3 9 1 0
534 L3 10 1 0
534 L3 11 1 0
534 L3 12 1 0
534 L3 13 1 0
534 L3 14 1 0
534 L3 15 1 0
534 L3 16 1 0
534 L3 17 1 0
534 L3 18 1 0
534 L3 19 1 0
534 L3 20 1 0
534 L3 21 1 0
534 L3 22 1 0
534 L3 23 1 0
534 L3 24 1 0
534 L3 25 1 0
534 L3 26 1 0
534 L3 27 1 0
534 L3 28 1 0
534 L3 29 1 0
534 L3 30 1 0
534 L3 31 1 0
534 L3 32 1 0
534 L3 33 1 0
534 L3 34 1 0
534 L3 35 1 0
534 L3 36 1 0
534 L3 37 1 0
534 L3 38 1 0
534 L3 39 1 0
534 L3 40 1 0
534 L3 41 1 0
534 L3 42 1 0
534 L3 43 1 0
534 L3 44 1 0
534 L3 45 1 0
534 L3 46 1 0
534 L3 47 1 0
534 L3 48 1 0
534 L3 49 1 0
534 L3 50 1 0
534 L3 51 1 0
534 L3 52 1 0
534 L3 53 1 0
534 L3 54 1 0
534 L3 55 1 0
534 L3 56 1 0
534 L3 57 1 0
534 L3 58 1 0
534 L3 59 1 0
534 L3 60 1 0
534 L3 61 1 0
534 L3 62 1 0
534 L3 63 1 0
534 L3 64 1 0
534 L3 65 1 0
534 L3 66 1 0
534 L3 67 1 0
534 L3 68 1 0
534 L3 69 1 0
534 L3 70 1 0
534 L3 71 1 0
534 L3 72 1 0
534 L3 73 1 0
534 L3 74 1 0
534 L3 75 1 0
534 L3 76 1 0
534 L3 77 1 0
534 L3 78 1 0
534 L3 79 1 0
534 L3 80 1 0
534 L3 81 1 0
534 L3 82 1 0
534 L3 83 1 0
534 L3 84 1 0
534 L3 85 1 0
534 L3 86 1 0
534 L3 87 1 0
534 L3 88 1 0
534 L3 89 1 0
534 L3 90 1 0
534 L3 91 1 0
534 L3 92 1 0
534 L3 93 1 0
534 L3 94 1 0
534 L3 95 1 0
534 L3 96 1 0
534 L3 97 1 0
534 L3 98 1 0
534 L3 99 1 0
534 L3 100 1 0
534 L3 101 1 0
534 L3 102 1 0
534 L3 103 1 0
534 L3 104 1 0
534 L3 105 1 0
534 L3 106 1 0
534 L3 107 1 0
534 L3 108 1 0
534 L3 109 1 0
534 L3 110 1 0
534 L3 111 1 0
534 L3 112 1 0
534 L3 113 1 0
534 L3 114 1 0
534 L3 115 1 0
534 L3 116 1 0
534 L3 117 1 0
534 L3 118 1 0
534 L3 119 1 0
534 L3 120 1 0
534 L3 121 1 0
534 L3 122 1 0
534 L3 123 1 0
534 L3 124 1 0
534 L3 125 1 0
534 L3 126 1 0
534 L3 127 1 0
534 L3 128 1 0
534 L3 129 1 0
534 L3 130 1 0
534 L3 131 1 0
534 L3 132 1 0
534 L3 133 1 0
534 L3 134 1 0
534 L3 135 1 0
534 L3 136 1 0
534 L3 137 1 0
534 L3 138 1 0
534 L3 139 1 0
534 L3 140 1 0
534 L3 141 1 0
534 L3 142 1 0
534 L3 143 1 0
534 L3 144 1 0
534 L3 145 1 0
534 L3 146 1 0
534 L3 147 1 0
534 L3 148 1 0
534 L3 149 1 0
534 L3 150 1 0
534 L3 151 1 0
534 L3 152 1 0
534 L3 153 1 0
534 L3 154 1 0
534 L3 155 1 0
534 L3 156 1 0
534 L3 157 1 0
534 L3 158 1 0
534 L3 159 1 0
534 L3 160 1 0
534 L3 161 1 0
534 L3 162 1 0
534 L3 163 1 0
534 L3 164 1 0
534 L3 165 1 0
534 L3 166 1 0
534 L3 167 1 0
534 L3 168 1 0
534 L3 169 1 0
534 L3 170 1 0
534 L3 171 1 0
534 L3 172 1 0
534 L3 173 1 0
534 L3 174 1 0
534 L3 175 1 0
534 L3 176 1 0
534 L3 177 1 0
534 L3 178 1 0
534 L3 179 1 0
534 L3 180 1 0
534 L3 181 1 0
534 L3 182 1 0
534 L3 183 1 0
534 L3 184 1 0
534 L3 185 1 0
534 L3 186 1 0
534 L3 187 1 0
534 L3 188 1 0
534 L3 189 1 0
534 L3 190 1 0
534 L3 191 1 0
534 L3 192 1 0
534 L3 193 1 0
534 L3 194 1 0
534 L3 195 1 0
534 L3 196 1 0
534 L3 197 1 0
534 L3 198 1 0
534 L3 199 1 0
534 L3 200 1 0
534 L3 201 1 0
534 L3 202 1 0
534 L3 203 1 0
534 L3 204 1 0
534 L3 205 1 0
534 L3 206 1 0
534 L3 207 1 0
534 L3 208 1 0
534 L3 209 1 0
534 L3 210 1 0
534 L3 211 1 0
534 L3 212 1 0
534 L3 213 1 0
534 L3 214 1 0
534 L3 215 1 0
534 L3 216 1 0
534 L3 217 1 0
534 L3 218 1 0
534 L3 219 1 0
534 L3 220 1 0
534 L3 221 1 0
534 L3 222 1 0
534 L3 223 1 0
534 L3 224 1 0
534 L3 225 1 0
534 L3 226 1 0
534 L3 227 1 0
534 L3 228 1 0
534 L3 229 1 0
534 L3 230 1 0
534 L3 231 1 0
534 L3 232 1 0
534 L3 233 1 0
534 L3 234 1 0
534 L3 235 1 0
534 L3 236 1 0
534 L3 237 1 0
534 L3 238 1 0
534 L3 239 1 0
534 L3 240 1 0
534 L3 241 1 0
534 L3 242 1 0
534 L3 243 1 0
534 L3 244 1 0
534 L3 245 1 0
534 L3 246 1 0
534 L3 247 1 0
534 L3 248 1 0
534 L3 249 1 0
534 L3 250 1 0
534 L3 251 1 0
534 L3 252 1 0
534 L3 253 1 0
534 L3 254 1 0
534 L3 255 1 0
534 L3 256 1 0
534 L3 257 1 0
534 L3 258 1 0
534 L3 259 1 0
534 L3 260 1 0
534 L3 261 1 0
534 L3 262 1 0
534 L3 263 1 0
534 L3 264 1 0
534 L3 265 1 0
534 L3 266 1 0
534 L3 267 1 0
534 L3 268 1 0
534 L3 269 1 0
534 L3 270 1 0
534 L3 271 1 0
534 L3 272 1 0
534 L3 273 1 0
534 L3 274 1 0
534 L3 275 1 0
534 L3 276 1 0
534 L3 277 1 0
534 L3 278 1 0
534 L3 279 1 0
534 L3 280 1 0
534 L3 281 1 0
534 L3 282 1 0
534 L3 283 1 0
534 L3 284 1 0
534 L3 285 1 0
534 L3 286 1 0
534 L3 287 1 0
534 L3 288 1 0
534 L3 289 1 0
534 L3 290 1 0
534 L3 291 1 0
534 L3 292 1 0
534 L3 293 1 0
534 L3 294 1 0
534 L3 295 1 0
534 L3 296 1 0
534 L3 297 1 0
534 L3 298 1 0
534 L3 299 1 0
534 L3 300 1 0
534 L3 301 1 0
534 L3 302 1 0
534 L3 303 1 0
534 L3 304 1 0
534 L3 305 1 0
534 L3 306 1 0
534 L3 307 1 0
534 L3 308 1 0
534 L3 309 1 0
534 L3 310 1 0
534 L3 311 1 0
534 L3 312 1 0
534 L3 313 1 0
534 L3 314 1 0
534 L3 315 1 0
534 L3 316 1 0
534 L3 317 1 0
534 L3 318 1 0
534 L3 319 1 0
534 L3 320 1 0
534 L3 321 1 0
534 L3 322 1 0
534 L3 323 1 0
534 L3 324 1 0
534 L3 325 1 0
534 L3 326 1 0
534 L3 327 1 0
534 L3 328 1 0
534 L3 329 1 0
534 L3 330 1 0
534 L3 331 1 0
534 L3 332 1 0
534 L3 333 1 0
534 L3 334 1 0
534 L3 335 1 0
534 L3 336 1 0
534 L3 337 1 0
534 L3 338 1 0
534 L3 339 1 0
534 L3 340 1 0
534 L3 341 1 0
534 L3 342 1 0
534 L3 343 1 0
534 L3 344 1 0
534 L3 345 1 0
534 L3 346 1 0
534 L3 347 1 0
534 L3 348 1 0
534 L3 349 1 0
534 L3 350 1 0
534 L3 351 1 0
534 L3 352 1 0
534 L3 353 1 0
534 L3 354 1 0
534 L3 355 1 0
534 L3 356 1 0
534 L3 357 1 0
534 L3 358 1 0
534 L3 359 1 0
534 L3 360 1 0
534 L3 361 1 0
534 L3 362 1 0
534 L3 363 1 0
534 L3 364 1 0
534 L3 365 1 0
534 L3 366 1 0
534 L3 367 1 0
534 L3 368 1 0
534 L3 369 1 0
534 L3 370 1 0
534 L3 371 1 0
534 L3 372 1 0
534 L3 373 1 0
534 L3 374 1 0
534 L3 375 1 0
534 L3 376 1 0
534 L3 377 1 0
534 L3 378 1 0
534 L3 379 1 0
534 L3 380 1 0
534 L3 381 1 0
534 L3 382 1 0
534 L3 383 1 0
534 L3 384 1 0
534 L3 385 1 0
534 L3 386 1 0
534 L3 387 1 0
534 L3 388 1 0
534 L3 389 1 0
534 L3 390 1 0
534 L3 391 1 0
534 L3 392 1 0
534 L3 393 1 0
534 L3 394 1 0
534 L3 395 1 0
534 L3 396 1 0
534 L3 397 1 0
534 L3 398 1 0
534 L3 399 1 0
534 L3 400 1 0
534 L3 401 1 0
534 L3 402 1 0
534 L3 403 1 0
534 L3 404 1 0
534 L3 405 1 0
534 L3 406 1 0
534 L3 407 1 0
534 L3 408 1 0
534 L3 409 1 0
534 L3 410 1 0
534 L3 411 1 0
534 L3 412 1 0
534 L3 413 1 0
534 L3 414 1 0
534 L3 415 1 0
534 L3 416 1 0
534 L3 417 1 0
534 L3 418 1 0
534 L3 419 1 0
534 L3 420 1 0
534 L3 421 1 0
534 L3 422 1 0
534 L3 423 1 0
534 L3 424 1 0
534 L3 425 1 0
534 L3 426 1 0
534 L3 427 1 0
534 L3 428 1 0
534 L3 429 1 0
534 L3 430 1 0
534 L3 431 1 0
534 L3 432 1 0
534 L3 433 1 0
534 L3 434 1 0
534 L3 435 1 0
534 L3 436 1 0
534 L3 437 1 0
534 L3 438 1 0
534 L3 439 1 0
534 L3 440 1 0
534 L3 441 1 0
534 L3 442 1 0
534 L3 443 1 0
534 L3 444 1 0
534 L3 445 1 0
534 L3 446 1 0
534 L3 447 1 0
534 L3 448 1 0
534 L3 449 1 0
534 L3 450 1 0
534 L3 451 1 0
534 L3 452 1 0
534 L3 453 1 0
534 L3 454 1 0
534 L3 455 1 0
534 L3 456 1 0
534 L3 457 1 0
534 L3 458 1 0
534 L3 459 1 0
534 L3 460 1 0
534 L3 461 1 0
534 L3 462 1 0
534 L3 463 1 0
534 L3 464 1 0
534 L3 465 1 0
534 L3 466 1 0
534 L3 467 1 0
534 L3 468 1 0
534 L3 469 1 0
534 L3 470 1 0
534 L3 471 1 0
534 L3 472 1 0
534 L3 473 1 0
534 L3 474 1 0
534 L3 475 1 0
534 L3 476 1 0
534 L3 477 1 0
534 L3 478 1 0
534 L3 479 1 0
534 L3 480 1 0
534 L3 481 1 0
534 L3 482 1 0
534 L3 483 1 0
534 L3 484 1 0
534 L3 485 1 0
534 L3 486 1 0
534 L3 487 1 0
534 L3 488 1 0
534 L3 489 1 0
534 L3 490 1 0
534 L3 491 1 0
534 L3 492 1 0
534 L3 493 1 0
534 L3 494 1 0
534 L3 495 1 0
534 L3 496 1 0
534 L3 497 1 0
534 L3 498 1 0
534 L3 499 1 0
534 L3 500 1 0
534 L3 501 1 0
534 L3 502 1 0
534 L3 503 1 0
534 L3 504 1 0
534 L3 505 1 0
534 L3 506 1 0
534 L3 507 1 0
534 L3 508 1 0
534 L3 509 1 0
534 L3 510 1 0
534 L3 511 1 0
534 L4 0 1 0
534 L4 1 1 0
534 L4 2 1 0
534 L4 3 1 0
534 L4 4 1 0
534 L4 5 1 0
534 L4 6 1 0
534 L4 7 1 0
534 L4 8 1 0
534 L4 9 1 0
534 L4 10 1 0
534 L4 11 1 0
534 L4 12 1 0
534 L4 13 1 0
534 L4 14 1 0
534 L4 15 1 0
534 L4 16 1 0
534 L4 17 1 0
534 L4 18 1 0
534 L4 19 1 0
534 L4 20 1 0
534 L4 21 1 0
534 L4 22 1 0
534 L4 23 1 0
534 L4 24 1 0
534 L4 25 1 0
534 L4 26 1 0
534 L4 27 1 0
534 L4 28 1 0
534 L4 29 1 0
534 L4 30 1 0
534 L4 31 1 0
534 L4 32 1 0
534 L4 33 1 0
534 L4 34 1 0
534 L4 35 1 0
534 L4 36 1 0
534 L4 37 1 0
534 L4 38 1 0
534 L4 39 1 0
534 L4 40 1 0
534 L4 41 1 0
534 L4 42 1 0
534 L4 43 1 0
534 L4 44 1 0
534 L4 45 1 0
534 L4 46 1 0
534 L4 47 1 0
534 L4 48 1 0
534 L4 49 1 0
534 L4 50 1 0
534 L4 51 1 0
534 L4 52 1 0
534 L4 53 1 0
534 L4 54 1 0
534 L4 55 1 0
534 L4 56 1 0
534 L4 57 1 0
534 L4 58 1 0
534 L4 59 1 0
534 L4 60 1 0
534 L4 61 1 0
534 L4 62 1 0
534 L4 63 1 0
534 L4 64 1 0
534 L4 65 1 0
534 L4 66 1 0
534 L4 67 1 0
534 L4 68 1 0
534 L4 69 1 0
534 L4 70 1 0
534 L4 71 1 0
534 L4 72 1 0
534 L4 73 1 0
534 L4 74 1 0
534 L4 75 1 0
534 L4 76 1 0
534 L4 77 1 0
534 L4 78 1 0
534 L4 79 1 0
534 L4 80 1 0
534 L4 81 1 0
534 L4 82 1 0
534 L4 83 1 0
534 L4 84 1 0
534 L4 85 1 0
534 L4 86 1 0
534 L4 87 1 0
534 L4 88 1 0
534 L4 89 1 0
534 L4 90 1 0
534 L4 91 1 0
534 L4 92 1 0
534 L4 93 1 0
534 L4 94 1 0
534 L4 95 1 0
534 L4 96 1 0
534 L4 97 1 0
534 L4 98 1 0
534 L4 99 1 0
534 L4 100 1 0
534 L4 101 1 0
534 L4 102 1 0
534 L4 103 1 0
534 L4 104 1 0
534 L4 105 1 0
534 L4 106 1 0
534 L4 107 1 0
534 L4 108 1 0
534 L4 109 1 0
534 L4 110 1 0
534 L4 111 1 0
534 L4 112 1 0
534 L4 113 1 0
534 L4 114 1 0
534 L4 115 1 0
534 L4 116 1 0
534 L4 117 1 0
534 L4 118 1 0
534 L4 119 1 0
534 L4 120 1 0
534 L4 121 1 0
534 L4 122 1 0
534 L4 123 1 0
534 L4 124 1 0
534 L4 125 1 0
534 L4 126 1 0
534 L4 127 1 0
534 L4 128 1 0
534 L4 129 1 0
534 L4 130 1 0
534 L4 131 1 0
534 L4 132 1 0
534 L4 133 1 0
534 L4 134 1 0
534 L4 135 1 0
534 L4 136 1 0
534 L4 137 1 0
534 L4 138 1 0
534 L4 139 1 0
534 L4 140 1 0
534 L4 141 1 0
534 L4 142 1 0
534 L4 143 1 0
534 L4 144 1 0
534 L4 145 1 0
534 L4 146 1 0
534 L4 147 1 0
534 L4 148 1 0
534 L4 149 1 0
534 L4 150 1 0
534 L4 151 1 0
534 L4 152 1 0
534 L4 153 1 0
534 L4 154 1 0
534 L4 155 1 0
534 L4 156 1 0
534 L4 157 1 0
534 L4 158 1 0
534 L4 159 1 0
534 L4 160 1 0
534 L4 161 1 0
534 L4 162 1 0
534 L4 163 1 0
534 L4 164 1 0
534 L4 165 1 0
534 L4 166 1 0
534 L4 167 1 0
534 L4 168 1 0
534 L4 169 1 0
534 L4 170 1 0
534 L4 171 1 0
534 L4 172 1 0
534 L4 173 1 0
534 L4 174 1 0
534 L4 175 1 0
534 L4 176 1 0
534 L4 177 1 0
534 L4 178 1 0
534 L4 179 1 0
534 L4 180 1 0
534 L4 181 1 0
534 L4 182 1 0
534 L4 183 1 0
534 L4 184 1 0
534 L4 185 1 0
534 L4 186 1 0
534 L4 187 1 0
534 L4 188 1 0
534 L4 189 1 0
534 L4 190 1 0
534 L4 191 1 0
534 L4 192 1 0
534 L4 193 1 0
534 L4 194 1 0
534 L4 195 1 0
534 L4 196 1 0
534 L4 197 1 0
534 L4 198 1 0
534 L4 199 1 0
534 L4 200 1 0
534 L4 201 1 0
534 L4 202 1 0
534 L4 203 1 0
534 L4 204 1 0
534 L4 205 1 0
534 L4 206 1 0
534 L4 207 1 0
534 L4 208 1 0
534 L4 209 1 0
534 L4 210 1 0
534 L4 211 1 0
534 L4 212 1 0
534 L4 213 1 0
534 L4 214 1 0
534 L4 215 1 0
534 L4 216 1 0
534 L4 217 1 0
534 L4 218 1 0
534 L4 219 1 0
534 L4 220 1 0
534 L4 221 1 0
534 L4 222 1 0
534 L4 223 1 0
534 L4 224 1 0
534 L4 225 1 0
534 L4 226 1 0
534 L4 227 1 0
534 L4 228 1 0
534 L4 229 1 0
534 L4 230 1 0
534 L4 231 1 0
534 L4 232 1 0
534 L4 233 1 0
534 L4 234 1 0
534 L4 235 1 0
534 L4 236 1 0
534 L4 237 1 0
534 L4 238 1 0
534 L4 239 1 0
534 L4 240 1 0
534 L4 241 1 0
534 L4 242 1 0
534 L4 243 1 0
534 L4 244 1 0
534 L4 245 1 0
534 L4 246 1 0
534 L4 247 1 0
534 L4 248 1 0
534 L4 249 1 0
534 L4 250 1 0
534 L4 251 1 0
534 L4 252 1 0
534 L4 253 1 0
534 L4 254 1 0
534 L4 255 1 0
534 L4 256 1 0
534 L4 257 1 0
534 L4 258 1 0
534 L4 259 1 0
534 L4 260 1 0
534 L4 261 1 0
534 L4 262 1 0
534 L4 263 1 0
534 L4 264 1 0
534 L4 265 1 0
534 L4 266 1 0
534 L4 267 1 0
534 L4 268 1 0
534 L4 269 1 0
534 L4 270 1 0
534 L4 271 1 0
534 L4 272 1 0
534 L4 273 1 0
534 L4 274 1 0
534 L4 275 1 0
534 L4 276 1 0
534 L4 277 1 0
534 L4 278 1 0
534 L4 279 1 0
534 L4 280 1 0
534 L4 281 1 0
534 L4 282 1 0
534 L4 283 1 0
534 L4 284 1 0
534 L4 285 1 0
534 L4 286 1 0
534 L4 287 1 0
534 L4 288 1 0
534 L4 289 1 0
534 L4 290 1 0
534 L4 291 1 0
534 L4 292 1 0
534 L4 293 1 0
534 L4 294 1 0
534 L4 295 1 0
534 L4 296 1 0
534 L4 297 1 0
534 L4 298 1 0
534 L4 299 1 0
534 L4 300 1 0
534 L4 301 1 0
534 L4 302 1 0
534 L4 303 1 0
534 L4 304 1 0
534 L4 305 1 0
534 L4 306 1 0
534 L4 307 1 0
534 L4 308 1 0
534 L4 309 1 0
534 L4 310 1 0
534 L4 311 1 0
534 L4 312 1 0
534 L4 313 1 0
534 L4 314 1 0
534 L4 315 1 0
534 L4 316 1 0
534 L4 317 1 0
534 L4 318 1 0
534 L4 319 1 0
534 L4 320 1 0
534 L4 321 1 0
534 L4 322 1 0
534 L4 323 1 0
534 L4 324 1 0
534 L4 325 1 0
534 L4 326 1 0
534 L4 327 1 0
534 L4 328 1 0
534 L4 329 1 0
534 L4 330 1 0
534 L4 331 1 0
534 L4 332 1 0
534 L4 333 1 0
534 L4 334 1 0
534 L4 335 1 0
534 L4 336 1 0
534 L4 337 1 0
534 L4 338 1 0
534 L4 339 1 0
534 L4 340 1 0
534 L4 341 1 0
534 L4 342 1 0
534 L4 343 1 0
534 L4 344 1 0
534 L4 345 1 0
534 L4 346 1 0
534 L4 347 1 0
534 L4 348 1 0
534 L4 349 1 0
534 L4 350 1 0
534 L4 351 1 0
534 L4 352 1 0
534 L4 353 1 0
534 L4 354 1 0
534 L4 355 1 0
534 L4 356 1 0
534 L4 357 1 0
534 L4 358 1 0
534 L4 359 1 0
534 L4 360 1 0
534 L4 361 1 0
534 L4 362 1 0
534 L4 363 1 0
534 L4 364 1 0
534 L4 365 1 0
534 L4 366 1 0
534 L4 367 1 0
534 L4 368 1 0
534 L4 369 1 0
534 L4 370 1 0
534 L4 371 1 0
534 L4 372 1 0
534 L4 373 1 0
534 L4 374 1 0
534 L4 375 1 0
534 L4 376 1 0
534 L4 377 1 0
534 L4 378 1 0
534 L4 379 1 0
534 L4 380 1 0
534 L4 381 1 0
534 L4 382 1 0
534 L4 383 1 0
534 L4 384 1 0
534 L4 385 1 0
534 L4 386 1 0
534 L4 387 1 0
534 L4 388 1 0
534 L4 389 1 0
534 L4 390 1 0
534 L4 391 1 0
534 L4 392 1 0
534 L4 393 1 0
534 L4 394 1 0
534 L4 395 1 0
534 L4 396 1 0
534 L4 397 1 0
534 L4 398 1 0
534 L4 399 1 0
534 L4 400 1 0
534 L4 401 1 0
534 L4 402 1 0
534 L4 403 1 0
534 L4 404 1 0
534 L4 405 1 0
534 L4 406 1 0
534 L4 407 1 0
534 L4 408 1 0
534 L4 409 1 0
534 L4 410 1 0
534 L4 411 1 0
534 L4 412 1 0
534 L4 413 1 0
534 L4 414 1 0
534 L4 415 1 0
534 L4 416 1 0
534 L4 417 1 0
534 L4 418 1 0
534 L4 419 1 0
534 L4 420 1 0
534 L4 421 1 0
534 L4 422 1 0
534 L4 423 1 0
534 L4 424 1 0
534 L4 425 1 0
534 L4 426 1 0
534 L4 427 1 0
534 L4 428 1 0
534 L4 429 1 0
534 L4 430 1 0
534 L4 431 1 0
534 L4 432 1 0
534 L4 433 1 0
534 L4 434 1 0
534 L4 435 1 0
534 L4 436 1 0
534 L4 437 1 0
534 L4 438 1 0
534 L4 439 1 0
534 L4 440 1 0
534 L4 441 1 0
534 L4 442 1 0
534 L4 443 1 0
534 L4 444 1 0
534 L4 445 1 0
534 L4 446 1 0
534 L4 447 1 0
534 L4 448 1 0
534 L4 449 1 0
534 L4 450 1 0
534 L4 451 1 0
534 L4 452 1 0
534 L4 453 1 0
534 L4 454 1 0
534 L4 455 1 0
534 L4 456 1 0
534 L4 457 1 0
534 L4 458 1 0
534 L4 459 1 0
534 L4 460 1 0
534 L4 461 1 0
534 L4 462 1 0
534 L4 463 1 0
534 L4 464 1 0
534 L4 465 1 0
534 L4 466 1 0
534 L4 467 1 0
534 L4 468 1 0
534 L4 469 1 0
534 L4 470 1 0
534 L4 471 1 0
534 L4 472 1 0
534 L4 473 1 0
534 L4 474 1 0
534 L4 475 1 0
534 L4 476 1 0
534 L4 477 1 0
534 L4 478 1 0
534 L4 479 1 0
534 L4 480 1 0
534 L4 481 1 0
534 L4 482 1 0
534 L4 483 1 0
534 L4 484 1 0
534 L4 485 1 0
534 L4 486 1 0
534 L4 487 1 0
534 L4 488 1 0
534 L4 489 1 0
534 L4 490 1 0
534 L4 491 1 0
534 L4 492 1 0
534 L4 493 1 0
534 L4 494 1 0
534 L4 495 1 0
534 L4 496 1 0
534 L4 497 1 0
534 L4 498 1 0
534 L4 499 1 0
534 L4 500 1 0
534 L4 501 1 0
534 L4 502 1 0
534 L4 503 1 0
534 L4 504 1 0
534 L4 505 1 0
534 L4 506 1 0
534 L4 507 1 0
534 L4 508 1 0
534 L4 509 1 0
534 L4 510 1 0
534 L4 511 1 0
534 L5 0 1 0
534 L5 1 1 0
534 L5 2 1 0
534 L5 3 1 0
534 L5 4 1 0
534 L5 5 1 0
534 L5 6 1 0
534 L5 7 1 0
534 L5 8 1 0
534 L5 9 1 0
534 L5 10 1 0
534 L5 11 1 0
534 L5 12 1 0
534 L5 13 1 0
534 L5 14 1 0
534 L5 15 1 0
534 L5 16 1 0
534 L5 17 1 0
534 L5 18 1 0
534 L5 19 1 0
534 L5 20 1 0
534 L5 21 1 0
534 L5 22 1 0
534 L5 23 1 0
534 L5 24 1 0
534 L5 25 1 0
534 L5 26 1 0
534 L5 27 1 0
534 L5 28 1 0
534 L5 29 1 0
534 L5 30 1 0
534 L5 31 1 0
534 L5 32 1 0
534 L5 33 1 0
534 L5 34 1 0
534 L5 35 1 0
534 L5 36 1 0
534 L5 37 1 0
534 L5 38 1 0
534 L5 39 1 0
534 L5 40 1 0
534 L5 41 1 0
534 L5 42 1 0
534 L5 43 1 0
534 L5 44 1 0
534 L5 45 1 0
534 L5 46 1 0
534 L5 47 1 0
534 L5 48 1 0
534 L5 49 1 0
534 L5 50 1 0
534 L5 51 1 0
534 L5 52 1 0
534 L5 53 1 0
534 L5 54 1 0
534 L5 55 1 0
534 L5 56 1 0
534 L5 57 1 0
534 L5 58 1 0
534 L5 59 1 0
534 L5 60 1 0
534 L5 61 1 0
534 L5 62 1 0
534 L5 63 1 0
534 L5 64 1 0
534 L5 65 1 0
534 L5 66 1 0
534 L5 67 1 0
534 L5 68 1 0
534 L5 69 1 0
534 L5 70 1 0
534 L5 71 1 0
534 L5 72 1 0
534 L5 73 1 0
534 L5 74 1 0
534 L5 75 1 0
534 L5 76 1 0
534 L5 77 1 0
534 L5 78 1 0
534 L5 79 1 0
534 L5 80 1 0
534 L5 81 1 0
534 L5 82 1 0
534 L5 83 1 0
534 L5 84 1 0
534 L5 85 1 0
534 L5 86 1 0
534 L5 87 1 0
534 L5 88 1 0
534 L5 89 1 0
534 L5 90 1 0
534 L5 91 1 0
534 L5 92 1 0
534 L5 93 1 0
534 L5 94 1 0
534 L5 95 1 0
534 L5 96 1 0
534 L5 97 1 0
534 L5 98 1 0
534 L5 99 1 0
534 L5 100 1 0
534 L5 101 1 0
534 L5 102 1 0
534 L5 103 1 0
534 L5 104 1 0
534 L5 105 1 0
534 L5 106 1 0
534 L5 107 1 0
534 L5 108 1 0
534 L5 109 1 0
534 L5 110 1 0
534 L5 111 1 0
534 L5 112 1 0
534 L5 113 1 0
534 L5 114 1 0
534 L5 115 1 0
534 L5 116 1 0
534 L5 117 1 0
534 L5 118 1 0
534 L5 119 1 0
534 L5 120 1 0
534 L5 121 1 0
534 L5 122 1 0
534 L5 123 1 0
534 L5 124 1 0
534 L5 125 1 0
534 L5 126 1 0
534 L5 127 1 0
534 L5 128 1 0
534 L5 129 1 0
534 L5 130 1 0
534 L5 131 1 0
534 L5 132 1 0
534 L5 133 1 0
534 L5 134 1 0
534 L5 135 1 0
534 L5 136 1 0
534 L5 137 1 0
534 L5 138 1 0
534 L5 139 1 0
534 L5 140 1 0
534 L5 141 1 0
534 L5 142 1 0
534 L5 143 1 0
534 L5 144 1 0
534 L5 145 1 0
534 L5 146 1 0
534 L5 147 1 0
534 L5 148 1 0
534 L5 149 1 0
534 L5 150 1 0
534 L5 151 1 0
534 L5 152 1 0
534 L5 153 1 0
534 L5 154 1 0
534 L5 155 1 0
534 L5 156 1 0
534 L5 157 1 0
534 L5 158 1 0
534 L5 159 1 0
534 L5 160 1 0
534 L5 161 1 0
534 L5 162 1 0
534 L5 163 1 0
534 L5 164 1 0
534 L5 165 1 0
534 L5 166 1 0
534 L5 167 1 0
534 L5 168 1 0
534 L5 169 1 0
534 L5 170 1 0
534 L5 171 1 0
534 L5 172 1 0
534 L5 173 1 0
534 L5 174 1 0
534 L5 175 1 0
534 L5 176 1 0
534 L5 177 1 0
534 L5 178 1 0
534 L5 179 1 0
534 L5 180 1 0
534 L5 181 1 0
534 L5 182 1 0
534 L5 183 1 0
534 L5 184 1 0
534 L5 185 1 0
534 L5 186 1 0
534 L5 187 1 0
534 L5 188 1 0
534 L5 189 1 0
534 L5 190 1 0
534 L5 191 1 0
534 L5 192 1 0
534 L5 193 1 0
534 L5 194 1 0
534 L5 195 1 0
534 L5 196 1 0
534 L5 197 1 0
534 L5 198 1 0
534 L5 199 1 0
534 L5 200 1 0
534 L5 201 1 0
534 L5 202 1 0
534 L5 203 1 0
534 L5 204 1 0
534 L5 205 1 0
534 L5 206 1 0
534 L5 207 1 0
534 L5 208 1 0
534 L5 209 1 0
534 L5 210 1 0
534 L5 211 1 0
534 L5 212 1 0
534 L5 213 1 0
534 L5 214 1 0
534 L5 215 1 0
534 L5 216 1 0
534 L5 217 1 0
534 L5 218 1 0
534 L5 219 1 0
534 L5 220 1 0
534 L5 221 1 0
534 L5 222 1 0
534 L5 223 1 0
534 L5 224 1 0
534 L5 225 1 0
534 L5 226 1 0
534 L5 227 1 0
534 L5 228 1 0
534 L5 229 1 0
534 L5 230 1 0
534 L5 231 1 0
534 L5 232 1 0
534 L5 233 1 0
534 L5 234 1 0
534 L5 235 1 0
534 L5 236 1 0
534 L5 237 1 0
534 L5 238 1 0
534 L5 239 1 0
534 L5 240 1 0
534 L5 241 1 0
534 L5 242 1 0
534 L5 243 1 0
534 L5 244 1 0
534 L5 245 1 0
534 L5 246 1 0
534 L5 247 1 0
534 L5 248 1 0
534 L5 249 1 0
534 L5 250 1 0
534 L5 251 1 0
534 L5 252 1 0
534 L5 253 1 0
534 L5 254 1 0
534 L5 255 1 0
534 L5 256 1 0
534 L5 257 1 0
534 L5 258 1 0
534 L5 259 1 0
534 L5 260 1 0
534 L5 261 1 0
534 L5 262 1 0
534 L5 263 1 0
534 L5 264 1 0
534 L5 265 1 0
534 L5 266 1 0
534 L5 267 1 0
534 L5 268 1 0
534 L5 269 1 0
534 L5 270 1 0
534 L5 271 1 0
534 L5 272 1 0
534 L5 273 1 0
534 L5 274 1 0
534 L5 275 1 0
534 L5 276 1 0
534 L5 277 1 0
534 L5 278 1 0
534 L5 279 1 0
534 L5 280 1 0
534 L5 281 1 0
534 L5 282 1 0
534 L5 283 1 0
534 L5 284 1 0
534 L5 285 1 0
534 L5 286 1 0
534 L5 287 1 0
534 L5 288 1 0
534 L5 289 1 0
534 L5 290 1 0
534 L5 291 1 0
534 L5 292 1 0
534 L5 293 1 0
534 L5 294 1 0
534 L5 295 1 0
534 L5 296 1 0
534 L5 297 1 0
534 L5 298 1 0
534 L5 299 1 0
534 L5 300 1 0
534 L5 301 1 0
534 L5 302 1 0
534 L5 303 1 0
534 L5 304 1 0
534 L5 305 1 0
534 L5 306 1 0
534 L5 307 1 0
534 L5 308 1 0
534 L5 309 1 0
534 L5 310 1 0
534 L5 311 1 0
534 L5 312 1 0
534 L5 313 1 0
534 L5 314 1 0
534 L5 315 1 0
534 L5 316 1 0
534 L5 317 1 0
534 L5 318 1 0
534 L5 319 1 0
534 L5 320 1 0
534 L5 321 1 0
534 L5 322 1 0
534 L5 323 1 0
534 L5 324 1 0
534 L5 325 1 0
534 L5 326 1 0
534 L5 327 1 0
534 L5 328 1 0
534 L5 329 1 0
534 L5 330 1 0
534 L5 331 1 0
534 L5 332 1 0
534 L5 333 1 0
534 L5 334 1 0
534 L5 335 1 0
534 L5 336 1 0
534 L5 337 1 0
534 L5 338 1 0
534 L5 339 1 0
534 L5 340 1 0
534 L5 341 1 0
534 L5 342 1 0
534 L5 343 1 0
534 L5 344 1 0
534 L5 345 1 0
534 L5 346 1 0
534 L5 347 1 0
534 L5 348 1 0
534 L5 349 1 0
534 L5 350 1 0
534 L5 351 1 0
534 L5 352 1 0
534 L5 353 1 0
534 L5 354 1 0
534 L5 355 1 0
534 L5 356 1 0
534 L5 357 1 0
534 L5 358 1 0
534 L5 359 1 0
534 L5 360 1 0
534 L5 361 1 0
534 L5 362 1 0
534 L5 363 1 0
534 L5 364 1 0
534 L5 365 1 0
534 L5 366 1 0
534 L5 367 1 0
534 L5 368 1 0
534 L5 369 1 0
534 L5 370 1 0
534 L5 371 1 0
534 L5 372 1 0
534 L5 373 1 0
534 L5 374 1 0
534 L5 375 1 0
534 L5 376 1 0
534 L5 377 1 0
534 L5 378 1 0
534 L5 379 1 0
534 L5 380 1 0
534 L5 381 1 0
534 L5 382 1 0
534 L5 383 1 0
534 L5 384 1 0
534 L5 385 1 0
534 L5 386 1 0
534 L5 387 1 0
534 L5 388 1 0
534 L5 389 1 0
534 L5 390 1 0
534 L5 391 1 0
534 L5 392 1 0
534 L5 393 1 0
534 L5 394 1 0
534 L5 395 1 0
534 L5 396 1 0
534 L5 397 1 0
534 L5 398 1 0
534 L5 399 1 0
534 L5 400 1 0
534 L5 401 1 0
534 L5 402 1 0
534 L5 403 1 0
534 L5 404 1 0
534 L5 405 1 0
534 L5 406 1 0
534 L5 407 1 0
534 L5 408 1 0
534 L5 409 1 0
534 L5 410 1 0
534 L5 411 1 0
534 L5 412 1 0
534 L5 413 1 0
534 L5 414 1 0
534 L5 415 1 0
534 L5 416 1 0
534 L5 417 1 0
534 L5 418 1 0
534 L5 419 1 0
534 L5 420 1 0
534 L5 421 1 0
534 L5 422 1 0
534 L5 423 1 0
534 L5 424 1 0
534 L5 425 1 0
534 L5 426 1 0
534 L5 427 1 0
534 L5 428 1 0
534 L5 429 1 0
534 L5 430 1 0
534 L5 431 1 0
534 L5 432 1 0
534 L5 433 1 0
534 L5 434 1 0
534 L5 435 1 0
534 L5 436 1 0
534 L5 437 1 0
534 L5 438 1 0
534 L5 439 1 0
534 L5 440 1 0
534 L5 441 1 0
534 L5 442 1 0
534 L5 443 1 0
534 L5 444 1 0
534 L5 445 1 0
534 L5 446 1 0
534 L5 447 1 0
534 L5 448 1 0
534 L5 449 1 0
534 L5 450 1 0
534 L5 451 1 0
534 L5 452 1 0
534 L5 453 1 0
534 L5 454 1 0
534 L5 455 1 0
534 L5 456 1 0
534 L5 457 1 0
534 L5 458 1 0
534 L5 459 1 0
534 L5 460 1 0
534 L5 461 1 0
534 L5 462 1 0
534 L5 463 1 0
534 L5 464 1 0
534 L5 465 1 0
534 L5 466 1 0
534 L5 467 1 0
534 L5 468 1 0
534 L5 469 1 0
534 L5 470 1 0
534 L5 471 1 0
534 L5 472 1 0
534 L5 473 1 0
534 L5 474 1 0
534 L5 475 1 0
534 L5 476 1 0
534 L5 477 1 0
534 L5 478 1 0
534 L5 479 1 0
534 L5 480 1 0
534 L5 481 1 0
534 L5 482 1 0
534 L5 483 1 0
534 L5 484 1 0
534 L5 485 1 0
534 L5 486 1 0
534 L5 487 1 0
534 L5 488 1 0
534 L5 489 1 0
534 L5 490 1 0
534 L5 491 1 0
534 L5 492 1 0
534 L5 493 1 0
534 L5 494 1 0
534 L5 495 1 0
534 L5 496 1 0
534 L5 497 1 0
534 L5 498 1 0
534 L5 499 1 0
534 L5 500 1 0
534 L5 501 1 0
534 L5 502 1 0
534 L5 503 1 0
534 L5 504 1 0
534 L5 505 1 0
534 L5 506 1 0
534 L5 507 1 0
534 L5 508 1 0
534 L5 509 1 0
534 L5 510 1 0
534 L5 511 1 0
534 L6 0 1 0
534 L6 1 1 0
534 L6 2 1 0
534 L6 3 1 0
534 L6 4 1 0
534 L6 5 1 0
534 L6 6 1 0
534 L6 7 1 0
534 L6 8 1 0
534 L6 9 1 0
534 L6 10 1 0
534 L6 11 1 0
534 L6 12 1 0
534 L6 13 1 0
534 L6 14 1 0
534 L6 15 1 0
534 L6 16 1 0
534 L6 17 1 0
534 L6 18 1 0
534 L6 19 1 0
534 L6 20 1 0
534 L6 21 1 0
534 L6 22 1 0
534 L6 23 1 0
534 L6 24 1 0
534 L6 25 1 0
534 L6 26 1 0
534 L6 27 1 0
534 L6 28 1 0
534 L6 29 1 0
534 L6 30 1 0
534 L6 31 1 0
534 L6 32 1 0
534 L6 33 1 0
534 L6 34 1 0
534 L6 35 1 0
534 L6 36 1 0
534 L6 37 1 0
534 L6 38 1 0
534 L6 39 1 0
534 L6 40 1 0
534 L6 41 1 0
534 L6 42 1 0
534 L6 43 1 0
534 L6 44 1 0
534 L6 45 1 0
534 L6 46 1 0
534 L6 47 1 0
534 L6 48 1 0
534 L6 49 1 0
534 L6 50 1 0
534 L6 51 1 0
534 L6 52 1 0
534 L6 53 1 0
534 L6 54 1 0
534 L6 55 1 0
534 L6 56 1 0
534 L6 57 1 0
534 L6 58 1 0
534 L6 59 1 0
534 L6 60 1 0
534 L6 61 1 0
534 L6 62 1 0
534 L6 63 1 0
534 L6 64 1 0
534 L6 65 1 0
534 L6 66 1 0
534 L6 67 1 0
534 L6 68 1 0
534 L6 69 1 0
534 L6 70 1 0
534 L6 71 1 0
534 L6 72 1 0
534 L6 73 1 0
534 L6 74 1 0
534 L6 75 1 0
534 L6 76 1 0
534 L6 77 1 0
534 L6 78 1 0
534 L6 79 1 0
534 L6 80 1 0
534 L6 81 1 0
534 L6 82 1 0
534 L6 83 1 0
534 L6 84 1 0
534 L6 85 1 0
534 L6 86 1 0
534 L6 87 1 0
534 L6 88 1 0
534 L6 89 1 0
534 L6 90 1 0
534 L6 91 1 0
534 L6 92 1 0
534 L6 93 1 0
534 L6 94 1 0
534 L6 95 1 0
534 L6 96 1 0
534 L6 97 1 0
534 L6 98 1 0
534 L6 99 1 0
534 L6 100 1 0
534 L6 101 1 0
534 L6 102 1 0
534 L6 103 1 0
534 L6 104 1 0
534 L6 105 1 0
534 L6 106 1 0
534 L6 107 1 0
534 L6 108 1 0
534 L6 109 1 0
534 L6 110 1 0
534 L6 111 1 0
534 L6 112 1 0
534 L6 113 1 0
534 L6 114 1 0
534 L6 115 1 0
534 L6 116 1 0
534 L6 117 1 0
534 L6 118 1 0
534 L6 119 1 0
534 L6 120 1 0
534 L6 121 1 0
534 L6 122 1 0
534 L6 123 1 0
534 L6 124 1 0
534 L6 125 1 0
534 L6 126 1 0
534 L6 127 1 0
534 L6 128 1 0
534 L6 129 1 0
534 L6 130 1 0
534 L6 131 1 0
534 L6 132 1 0
534 L6 133 1 0
534 L6 134 1 0
534 L6 135 1 0
534 L6 136 1 0
534 L6 137 1 0
534 L6 138 1 0
534 L6 139 1 0
534 L6 140 1 0
534 L6 141 1 0
534 L6 142 1 0
534 L6 143 1 0
534 L6 144 1 0
534 L6 145 1 0
534 L6 146 1 0
534 L6 147 1 0
534 L6 148 1 0
534 L6 149 1 0
534 L6 150 1 0
534 L6 151 1 0
534 L6 152 1 0
534 L6 153 1 0
534 L6 154 1 0
534 L6 155 1 0
534 L6 156 1 0
534 L6 157 1 0
534 L6 158 1 0
534 L6 159 1 0
534 L6 160 1 0
534 L6 161 1 0
534 L6 162 1 0
534 L6 163 1 0
534 L6 164 1 0
534 L6 165 1 0
534 L6 166 1 0
534 L6 167 1 0
534 L6 168 1 0
534 L6 169 1 0
534 L6 170 1 0
534 L6 171 1 0
534 L6 172 1 0
534 L6 173 1 0
534 L6 174 1 0
534 L6 175 1 0
534 L6 176 1 0
534 L6 177 1 0
534 L6 178 1 0
534 L6 179 1 0
534 L6 180 1 0
534 L6 181 1 0
534 L6 182 1 0
534 L6 183 1 0
534 L6 184 1 0
534 L6 185 1 0
534 L6 186 1 0
534 L6 187 1 0
534 L6 188 1 0
534 L6 189 1 0
534 L6 190 1 0
534 L6 191 1 0
534 L6 192 1 0
534 L6 193 1 0
534 L6 194 1 0
534 L6 195 1 0
534 L6 196 1 0
534 L6 197 1 0
534 L6 198 1 0
534 L6 199 1 0
534 L6 200 1 0
534 L6 201 1 0
534 L6 202 1 0
534 L6 203 1 0
534 L6 204 1 0
534 L6 205 1 0
534 L6 206 1 0
534 L6 207 1 0
534 L6 208 1 0
534 L6 209 1 0
534 L6 210 1 0
534 L6 211 1 0
534 L6 212 1 0
534 L6 213 1 0
534 L6 214 1 0
534 L6 215 1 0
534 L6 216 1 0
534 L6 217 1 0
534 L6 218 1 0
534 L6 219 1 0
534 L6 220 1 0
534 L6 221 1 0
534 L6 222 1 0
534 L6 223 1 0
534 L6 224 1 0
534 L6 225 1 0
534 L6 226 1 0
534 L6 227 1 0
534 L6 228 1 0
534 L6 229 1 0
534 L6 230 1 0
534 L6 231 1 0
534 L6 232 1 0
534 L6 233 1 0
534 L6 234 1 0
534 L6 235 1 0
534 L6 236 1 0
534 L6 237 1 0
534 L6 238 1 0
534 L6 239 1 0
534 L6 240 1 0
534 L6 241 1 0
534 L6 242 1 0
534 L6 243 1 0
534 L6 244 1 0
534 L6 245 1 0
534 L6 246 1 0
534 L6 247 1 0
534 L6 248 1 0
534 L6 249 1 0
534 L6 250 1 0
534 L6 251 1 0
534 L6 252 1 0
534 L6 253 1 0
534 L6 254 1 0
534 L6 255 1 0
534 L6 256 1 0
534 L6 257 1 0
534 L6 258 1 0
534 L6 259 1 0
534 L6 260 1 0
534 L6 261 1 0
534 L6 262 1 0
534 L6 263 1 0
534 L6 264 1 0
534 L6 265 1 0
534 L6 266 1 0
534 L6 267 1 0
534 L6 268 1 0
534 L6 269 1 0
534 L6 270 1 0
534 L6 271 1 0
534 L6 272 1 0
534 L6 273 1 0
534 L6 274 1 0
534 L6 275 1 0
534 L6 276 1 0
534 L6 277 1 0
534 L6 278 1 0
534 L6 279 1 0
534 L6 280 1 0
534 L6 281 1 0
534 L6 282 1 0
534 L6 283 1 0
534 L6 284 1 0
534 L6 285 1 0
534 L6 286 1 0
534 L6 287 1 0
534 L6 288 1 0
534 L6 289 1 0
534 L6 290 1 0
534 L6 291 1 0
534 L6 292 1 0
534 L6 293 1 0
534 L6 294 1 0
534 L6 295 1 0
534 L6 296 1 0
534 L6 297 1 0
534 L6 298 1 0
534 L6 299 1 0
534 L6 300 1 0
534 L6 301 1 0
534 L6 302 1 0
534 L6 303 1 0
534 L6 304 1 0
534 L6 305 1 0
534 L6 306 1 0
534 L6 307 1 0
534 L6 308 1 0
534 L6 309 1 0
534 L6 310 1 0
534 L6 311 1 0
534 L6 312 1 0
534 L6 313 1 0
534 L6 314 1 0
534 L6 315 1 0
534 L6 316 1 0
534 L6 317 1 0
534 L6 318 1 0
534 L6 319 1 0
534 L6 320 1 0
534 L6 321 1 0
534 L6 322 1 0
534 L6 323 1 0
534 L6 324 1 0
534 L6 325 1 0
534 L6 326 1 0
534 L6 327 1 0
534 L6 328 1 0
534 L6 329 1 0
534 L6 330 1 0
534 L6 331 1 0
534 L6 332 1 0
534 L6 333 1 0
534 L6 334 1 0
534 L6 335 1 0
534 L6 336 1 0
534 L6 337 1 0
534 L6 338 1 0
534 L6 339 1 0
534 L6 340 1 0
534 L6 341 1 0
534 L6 342 1 0
534 L6 343 1 0
534 L6 344 1 0
534 L6 345 1 0
534 L6 346 1 0
534 L6 347 1 0
534 L6 348 1 0
534 L6 349 1 0
534 L6 350 1 0
534 L6 351 1 0
534 L6 352 1 0
534 L6 353 1 0
534 L6 354 1 0
534 L6 355 1 0
534 L6 356 1 0
534 L6 357 1 0
534 L6 358 1 0
534 L6 359 1 0
534 L6 360 1 0
534 L6 361 1 0
534 L6 362 1 0
534 L6 363 1 0
534 L6 364 1 0
534 L6 365 1 0
534 L6 366 1 0
534 L6 367 1 0
534 L6 368 1 0
534 L6 369 1 0
534 L6 370 1 0
534 L6 371 1 0
534 L6 372 1 0
534 L6 373 1 0
534 L6 374 1 0
534 L6 375 1 0
534 L6 376 1 0
534 L6 377 1 0
534 L6 378 1 0
534 L6 379 1 0
534 L6 380 1 0
534 L6 381 1 0
534 L6 382 1 0
534 L6 383 1 0
534 L6 384 1 0
534 L6 385 1 0
534 L6 386 1 0
534 L6 387 1 0
534 L6 388 1 0
534 L6 389 1 0
534 L6 390 1 0
534 L6 391 1 0
534 L6 392 1 0
534 L6 393 1 0
534 L6 394 1 0
534 L6 395 1 0
534 L6 396 1 0
534 L6 397 1 0
534 L6 398 1 0
534 L6 399 1 0
534 L6 400 1 0
534 L6 401 1 0
534 L6 402 1 0
534 L6 403 1 0
534 L6 404 1 0
534 L6 405 1 0
534 L6 406 1 0
534 L6 407 1 0
534 L6 408 1 0
534 L6 409 1 0
534 L6 410 1 0
534 L6 411 1 0
534 L6 412 1 0
534 L6 413 1 0
534 L6 414 1 0
534 L6 415 1 0
534 L6 416 1 0
534 L6 417 1 0
534 L6 418 1 0
534 L6 419 1 0
534 L6 420 1 0
534 L6 421 1 0
534 L6 422 1 0
534 L6 423 1 0
534 L6 424 1 0
534 L6 425 1 0
534 L6 426 1 0
534 L6 427 1 0
534 L6 428 1 0
534 L6 429 1 0
534 L6 430 1 0
534 L6 431 1 0
534 L6 432 1 0
534 L6 433 1 0
534 L6 434 1 0
534 L6 435 1 0
534 L6 436 1 0
534 L6 437 1 0
534 L6 438 1 0
534 L6 439 1 0
534 L6 440 1 0
534 L6 441 1 0
534 L6 442 1 0
534 L6 443 1 0
534 L6 444 1 0
534 L6 445 1 0
534 L6 446 1 0
534 L6 447 1 0
534 L6 448 1 0
534 L6 449 1 0
534 L6 450 1 0
534 L6 451 1 0
534 L6 452 1 0
534 L6 453 1 0
534 L6 454 1 0
534 L6 455 1 0
534 L6 456 1 0
534 L6 457 1 0
534 L6 458 1 0
534 L6 459 1 0
534 L6 460 1 0
534 L6 461 1 0
534 L6 462 1 0
534 L6 463 1 0
534 L6 464 1 0
534 L6 465 1 0
534 L6 466 1 0
534 L6 467 1 0
534 L6 468 1 0
534 L6 469 1 0
534 L6 470 1 0
534 L6 471 1 0
534 L6 472 1 0
534 L6 473 1 0
534 L6 474 1 0
534 L6 475 1 0
534 L6 476 1 0
534 L6 477 1 0
534 L6 478 1 0
534 L6 479 1 0
534 L6 480 1 0
534 L6 481 1 0
534 L6 482 1 0
534 L6 483 1 0
534 L6 484 1 0
534 L6 485 1 0
534 L6 486 1 0
534 L6 487 1 0
534 L6 488 1 0
534 L6 489 1 0
534 L6 490 1 0
534 L6 491 1 0
534 L6 492 1 0
534 L6 493 1 0
534 L6 494 1 0
534 L6 495 1 0
534 L6 496 1 0
534 L6 497 1 0
534 L6 498 1 0
534 L6 499 1 0
534 L6 500 1 0
534 L6 501 1 0
534 L6 502 1 0
534 L6 503 1 0
534 L6 504 1 0
534 L6 505 1 0
534 L6 506 1 0
534 L6 507 1 0
534 L6 508 1 0
534 L6 509 1 0
534 L6 510 1 0
534 L6 511 1 0
534 L7 0 1 0
534 L7 1 1 0
534 L7 2 1 0
534 L7 3 1 0
534 L7 4 1 0
534 L7 5 1 0
534 L7 6 1 0
534 L7 7 1 0
534 L7 8 1 0
534 L7 9 1 0
534 L7 10 1 0
534 L7 11 1 0
534 L7 12 1 0
534 L7 13 1 0
534 L7 14 1 0
534 L7 15 1 0
534 L7 16 1 0
534 L7 17 1 0
534 L7 18 1 0
534 L7 19 1 0
534 L7 20 1 0
534 L7 21 1 0
534 L7 22 1 0
534 L7 23 1 0
534 L7 24 1 0
534 L7 25 1 0
534 L7 26 1 0
534 L7 27 1 0
534 L7 28 1 0
534 L7 29 1 0
534 L7 30 1 0
534 L7 31 1 0
534 L7 32 1 0
534 L7 33 1 0
534 L7 34 1 0
534 L7 35 1 0
534 L7 36 1 0
534 L7 37 1 0
534 L7 38 1 0
534 L7 39 1 0
534 L7 40 1 0
534 L7 41 1 0
534 L7 42 1 0
534 L7 43 1 0
534 L7 44 1 0
534 L7 45 1 0
534 L7 46 1 0
534 L7 47 1 0
534 L7 48 1 0
534 L7 49 1 0
534 L7 50 1 0
534 L7 51 1 0
534 L7 52 1 0
534 L7 53 1 0
534 L7 54 1 0
534 L7 55 1 0
534 L7 56 1 0
534 L7 57 1 0
534 L7 58 1 0
534 L7 59 1 0
534 L7 60 1 0
534 L7 61 1 0
534 L7 62 1 0
534 L7 63 1 0
534 L7 64 1 0
534 L7 65 1 0
534 L7 66 1 0
534 L7 67 1 0
534 L7 68 1 0
534 L7 69 1 0
534 L7 70 1 0
534 L7 71 1 0
534 L7 72 1 0
534 L7 73 1 0
534 L7 74 1 0
534 L7 75 1 0
534 L7 76 1 0
534 L7 77 1 0
534 L7 78 1 0
534 L7 79 1 0
534 L7 80 1 0
534 L7 81 1 0
534 L7 82 1 0
534 L7 83 1 0
534 L7 84 1 0
534 L7 85 1 0
534 L7 86 1 0
534 L7 87 1 0
534 L7 88 1 0
534 L7 89 1 0
534 L7 90 1 0
534 L7 91 1 0
534 L7 92 1 0
534 L7 93 1 0
534 L7 94 1 0
534 L7 95 1 0
534 L7 96 1 0
534 L7 97 1 0
534 L7 98 1 0
534 L7 99 1 0
534 L7 100 1 0
534 L7 101 1 0
534 L7 102 1 0
534 L7 103 1 0
534 L7 104 1 0
534 L7 105 1 0
534 L7 106 1 0
534 L7 107 1 0
534 L7 108 1 0
534 L7 109 1 0
534 L7 110 1 0
534 L7 111 1 0
534 L7 112 1 0
534 L7 113 1 0
534 L7 114 1 0
534 L7 115 1 0
534 L7 116 1 0
534 L7 117 1 0
534 L7 118 1 0
534 L7 119 1 0
534 L7 120 1 0
534 L7 121 1 0
534 L7 122 1 0
534 L7 123 1 0
534 L7 124 1 0
534 L7 125 1 0
534 L7 126 1 0
534 L7 127 1 0
534 L7 128 1 0
534 L7 129 1 0
534 L7 130 1 0
534 L7 131 1 0
534 L7 132 1 0
534 L7 133 1 0
534 L7 134 1 0
534 L7 135 1 0
534 L7 136 1 0
534 L7 137 1 0
534 L7 138 1 0
534 L7 139 1 0
534 L7 140 1 0
534 L7 141 1 0
534 L7 142 1 0
534 L7 143 1 0
534 L7 144 1 0
534 L7 145 1 0
534 L7 146 1 0
534 L7 147 1 0
534 L7 148 1 0
534 L7 149 1 0
534 L7 150 1 0
534 L7 151 1 0
534 L7 152 1 0
534 L7 153 1 0
534 L7 154 1 0
534 L7 155 1 0
534 L7 156 1 0
534 L7 157 1 0
534 L7 158 1 0
534 L7 159 1 0
534 L7 160 1 0
534 L7 161 1 0
534 L7 162 1 0
534 L7 163 1 0
534 L7 164 1 0
534 L7 165 1 0
534 L7 166 1 0
534 L7 167 1 0
534 L7 168 1 0
534 L7 169 1 0
534 L7 170 1 0
534 L7 171 1 0
534 L7 172 1 0
534 L7 173 1 0
534 L7 174 1 0
534 L7 175 1 0
534 L7 176 1 0
534 L7 177 1 0
534 L7 178 1 0
534 L7 179 1 0
534 L7 180 1 0
534 L7 181 1 0
534 L7 182 1 0
534 L7 183 1 0
534 L7 184 1 0
534 L7 185 1 0
534 L7 186 1 0
534 L7 187 1 0
534 L7 188 1 0
534 L7 189 1 0
534 L7 190 1 0
534 L7 191 1 0
534 L7 192 1 0
534 L7 193 1 0
534 L7 194 1 0
534 L7 195 1 0
534 L7 196 1 0
534 L7 197 1 0
534 L7 198 1 0
534 L7 199 1 0
534 L7 200 1 0
534 L7 201 1 0
534 L7 202 1 0
534 L7 203 1 0
534 L7 204 1 0
534 L7 205 1 0
534 L7 206 1 0
534 L7 207 1 0
534 L7 208 1 0
534 L7 209 1 0
534 L7 210 1 0
534 L7 211 1 0
534 L7 212 1 0
534 L7 213 1 0
534 L7 214 1 0
534 L7 215 1 0
534 L7 216 1 0
534 L7 217 1 0
534 L7 218 1 0
534 L7 219 1 0
534 L7 220 1 0
534 L7 221 1 0
534 L7 222 1 0
534 L7 223 1 0
534 L7 224 1 0
534 L7 225 1 0
534 L7 226 1 0
534 L7 227 1 0
534 L7 228 1 0
534 L7 229 1 0
534 L7 230 1 0
534 L7 231 1 0
534 L7 232 1 0
534 L7 233 1 0
534 L7 234 1 0
534 L7 235 1 0
534 L7 236 1 0
534 L7 237 1 0
534 L7 238 1 0
534 L7 239 1 0
534 L7 240 1 0
534 L7 241 1 0
534 L7 242 1 0
534 L7 243 1 0
534 L7 244 1 0
534 L7 245 1 0
534 L7 246 1 0
534 L7 247 1 0
534 L7 248 1 0
534 L7 249 1 0
534 L7 250 1 0
534 L7 251 1 0
534 L7 252 1 0
534 L7 253 1 0
534 L7 254 1 0
534 L7 255 1 0
534 L7 256 1 0
534 L7 257 1 0
534 L7 258 1 0
534 L7 259 1 0
534 L7 260 1 0
534 L7 261 1 0
534 L7 262 1 0
534 L7 263 1 0
534 L7 264 1 0
534 L7 265 1 0
534 L7 266 1 0
534 L7 267 1 0
534 L7 268 1 0
534 L7 269 1 0
534 L7 270 1 0
534 L7 271 1 0
534 L7 272 1 0
534 L7 273 1 0
534 L7 274 1 0
534 L7 275 1 0
534 L7 276 1 0
534 L7 277 1 0
534 L7 278 1 0
534 L7 279 1 0
534 L7 280 1 0
534 L7 281 1 0
534 L7 282 1 0
534 L7 283 1 0
534 L7 284 1 0
534 L7 285 1 0
534 L7 286 1 0
534 L7 287 1 0
534 L7 288 1 0
534 L7 289 1 0
534 L7 290 1 0
534 L7 291 1 0
534 L7 292 1 0
534 L7 293 1 0
534 L7 294 1 0
534 L7 295 1 0
534 L7 296 1 0
534 L7 297 1 0
534 L7 298 1 0
534 L7 299 1 0
534 L7 300 1 0
534 L7 301 1 0
534 L7 302 1 0
534 L7 303 1 0
534 L7 304 1 0
534 L7 305 1 0
534 L7 306 1 0
534 L7 307 1 0
534 L7 308 1 0
534 L7 309 1 0
534 L7 310 1 0
534 L7 311 1 0
534 L7 312 1 0
534 L7 313 1 0
534 L7 314 1 0
534 L7 315 1 0
534 L7 316 1 0
534 L7 317 1 0
534 L7 318 1 0
534 L7 319 1 0
534 L7 320 1 0
534 L7 321 1 0
534 L7 322 1 0
534 L7 323 1 0
534 L7 324 1 0
534 L7 325 1 0
534 L7 326 1 0
534 L7 327 1 0
534 L7 328 1 0
534 L7 329 1 0
534 L7 330 1 0
534 L7 331 1 0
534 L7 332 1 0
534 L7 333 1 0
534 L7 334 1 0
534 L7 335 1 0
534 L7 336 1 0
534 L7 337 1 0
534 L7 338 1 0
534 L7 339 1 0
534 L7 340 1 0
534 L7 341 1 0
534 L7 342 1 0
534 L7 343 1 0
534 L7 344 1 0
534 L7 345 1 0
534 L7 346 1 0
534 L7 347 1 0
534 L7 348 1 0
534 L7 349 1 0
534 L7 350 1 0
534 L7 351 1 0
534 L7 352 1 0
534 L7 353 1 0
534 L7 354 1 0
534 L7 355 1 0
534 L7 356 1 0
534 L7 357 1 0
534 L7 358 1 0
534 L7 359 1 0
534 L7 360 1 0
534 L7 361 1 0
534 L7 362 1 0
534 L7 363 1 0
534 L7 364 1 0
534 L7 365 1 0
534 L7 366 1 0
534 L7 367 1 0
534 L7 368 1 0
534 L7 369 1 0
534 L7 370 1 0
534 L7 371 1 0
534 L7 372 1 0
534 L7 373 1 0
534 L7 374 1 0
534 L7 375 1 0
534 L7 376 1 0
534 L7 377 1 0
534 L7 378 1 0
534 L7 379 1 0
534 L7 380 1 0
534 L7 381 1 0
534 L7 382 1 0
534 L7 383 1 0
534 L7 384 1 0
534 L7 385 1 0
534 L7 386 1 0
534 L7 387 1 0
534 L7 388 1 0
534 L7 389 1 0
534 L7 390 1 0
534 L7 391 1 0
534 L7 392 1 0
534 L7 393 1 0
534 L7 394 1 0
534 L7 395 1 0
534 L7 396 1 0
534 L7 397 1 0
534 L7 398 1 0
534 L7 399 1 0
534 L7 400 1 0
534 L7 401 1 0
534 L7 402 1 0
534 L7 403 1 0
534 L7 404 1 0
534 L7 405 1 0
534 L7 406 1 0
534 L7 407 1 0
534 L7 408 1 0
534 L7 409 1 0
534 L7 410 1 0
534 L7 411 1 0
534 L7 412 1 0
534 L7 413 1 0
534 L7 414 1 0
534 L7 415 1 0
534 L7 416 1 0
534 L7 417 1 0
534 L7 418 1 0
534 L7 419 1 0
534 L7 420 1 0
534 L7 421 1 0
534 L7 422 1 0
534 L7 423 1 0
534 L7 424 1 0
534 L7 425 1 0
534 L7 426 1 0
534 L7 427 1 0
534 L7 428 1 0
534 L7 429 1 0
534 L7 430 1 0
534 L7 431 1 0
534 L7 432 1 0
534 L7 433 1 0
534 L7 434 1 0
534 L7 435 1 0
534 L7 436 1 0
534 L7 437 1 0
534 L7 438 1 0
534 L7 439 1 0
534 L7 440 1 0
534 L7 441 1 0
534 L7 442 1 0
534 L7 443 1 0
534 L7 444 1 0
534 L7 445 1 0
534 L7 446 1 0
534 L7 447 1 0
534 L7 448 1 0
534 L7 449 1 0
534 L7 450 1 0
534 L7 451 1 0
534 L7 452 1 0
534 L7 453 1 0
534 L7 454 1 0
534 L7 455 1 0
534 L7 456 1 0
534 L7 457 1 0
534 L7 458 1 0
534 L7 459 1 0
534 L7 460 1 0
534 L7 461 1 0
534 L7 462 1 0
534 L7 463 1 0
534 L7 464 1 0
534 L7 465 1 0
534 L7 466 1 0
534 L7 467 1 0
534 L7 468 1 0
534 L7 469 1 0
534 L7 470 1 0
534 L7 471 1 0
534 L7 472 1 0
534 L7 473 1 0
534 L7 474 1 0
534 L7 475 1 0
534 L7 476 1 0
534 L7 477 1 0
534 L7 478 1 0
534 L7 479 1 0
534 L7 480 1 0
534 L7 481 1 0
534 L7 482 1 0
534 L7 483 1 0
534 L7 484 1 0
534 L7 485 1 0
534 L7 486 1 0
534 L7 487 1 0
534 L7 488 1 0
534 L7 489 1 0
534 L7 490 1 0
534 L7 491 1 0
534 L7 492 1 0
534 L7 493 1 0
534 L7 494 1 0
534 L7 495 1 0
534 L7 496 1 0
534 L7 497 1 0
534 L7 498 1 0
534 L7 499 1 0
534 L7 500 1 0
534 L7 501 1 0
534 L7 502 1 0
534 L7 503 1 0
534 L7 504 1 0
534 L7 505 1 0
534 L7 506 1 0
534 L7 507 1 0
534 L7 508 1 0
534 L7 509 1 0
534 L7 510 1 0
534 L7 511 1 0
