80332	1749844869	1749881573	298.0314844	314.5930772	1970	0	0	0	0	0	6.795098078589481	3.1219660267389973	0.8236291191248605	0	0	0	0	0	0	0	0	0	0.06390036281565967	0.07763711367620917	0	0	0	0	0	0	0	0	11.697377522214627	0.07768045237573151	13.282459590915577	0.06005718487946954	0	0	0	0	0	0	0	0	0	0	1	0
80333	1749882076	1749913522	298.0314844	314.5930772	1660	0	0	0	0	0	6.678720171399339	3.133110280941733	0.8199331442757224	0	0	0	0	0	0	0	0	0	0.0715873159201598	0.08759979630060352	0	0	0	0	0	0	0	0	11.834120767978941	0.08976987322351349	13.51557443055255	0.06909071463581373	0	0	0	0	0	0	0	0	0	0	1	1
80335	1749925735	1749957242	298.0314844	314.5930772	1560	0	0	0	0	0	6.173074030175594	1.4682577031478694	0.8145254049643365	0	0	0	0	0	0	0	0	0	0.07168578494924183	0.08991553761737683	0	0	0	0	0	0	0	0	11.548636868384209	0.0924555357595942	13.460346488279708	0.06720953130590335	0	0	0	0	0	0	0	0	0	0	1	1
80338	1749989529	1750016945	298.0314844	314.5930772	1465	0	0	0	0	0	6.213045870598627	2.759673647268046	0.8105847953957086	0	0	0	0	0	0	0	0	0	0.07130464347427722	0.08723464850545455	0	0	0	0	0	0	0	0	11.088506398625436	0.08898411791450922	13.470891270926622	0.07328750104244808	0	0	0	0	0	0	0	0	0	0	1	1
80341	1750023138	1750049645	298.0314844	314.5930772	1420	0	0	0	0	0	6.406760328332357	2.9135784636838062	0.8185221663839836	0	0	0	0	0	0	0	0	0	0.07087171392229302	0.08771955739356868	0	0	0	0	0	0	0	0	11.845654949442917	0.08991093092097469	13.629302014245127	0.06741793895720072	0	0	0	0	0	0	0	0	0	0	1	0
80342	1750051118	1750079065	298.0314844	314.5930772	1500	0	0	0	0	0	6.19519163777883	2.896208984574117	0.8179687883921045	0	0	0	0	0	0	0	0	0	0.06662656708945908	0.08646132186608399	0	0	0	0	0	0	0	0	11.399394163137034	0.08959455594019605	13.576554831145058	0.06217339315992998	0	0	0	0	0	0	0	0	0	0	1	1
80344	1750090951	1750101431	296.4436886	312.9280968	545	0	0	0	0	0	6.059084144875892	2.6967522608239043	0.816102993185691	0	0	0	0	0	0	0	0	0	0.12081728891096377	0.14550655822024497	0	0	0	0	0	0	0	0	11.236422719921759	0.14372991869069285	13.169223363936656	0.1230706513124149	0	0	0	0	0	0	0	0	1	0	1	1
80350	1750143517	1750168023	296.4436886	312.9280968	1300	0	0	0	0	0	6.663326607758033	2.843849478483476	0.8204151402790564	0	0	0	0	0	0	0	0	0	0.08310194899024317	0.10212946695779265	0	0	0	0	0	0	0	0	12.215074290241587	0.1066143761377516	13.963606120524691	0.08002300653934302	0	0	0	0	0	0	0	0	1	0	1	0
80352	1750175742	1750201861	296.4436886	312.9280968	1370	0	0	0	0	0	6.757779615667348	2.8084672550967835	0.824002424581872	0	0	0	0	0	0	0	0	0	0.06893921567253927	0.08598327348684456	0	0	0	0	0	0	0	0	11.63628296230707	0.08800469488205209	13.483891013551618	0.06483327566377195	0	0	0	0	0	0	0	0	1	0	1	0
80353	1750204697	1750230146	296.4436886	312.9280968	1355	0	0	0	0	0	6.896803951027153	2.697762628515361	0.820125656752793	0	0	0	0	0	0	0	0	0	0.07587753126759715	0.09850567841114237	0	0	0	0	0	0	0	0	11.20680963125168	0.11340929014073264	13.128786494176563	0.07780928966401301	0	0	0	0	0	0	0	0	1	0	1	0
80354	1750230991	1750245992	296.4436886	312.9280968	810	0	0	0	0	0	6.611886331741971	3.0695068427019554	0.8246926353318984	0	0	0	0	0	0	0	0	0	0.08906761223923457	0.1063702755445046	0	0	0	0	0	0	0	0	11.712736235953757	0.10650053547333194	13.18925022508755	0.08500521469509792	0	0	0	0	0	0	0	0	1	0	1	0
80357	1750261932	1750320351	294.8448664	311.2961955	3130	0	0	0	0	0	8.608437671941799	3.0801637662798798	0.8200922842996462	0	0	0	0	0	0	0	0	0	0.047104917123607065	0.06075695446433563	0	0	0	0	0	0	0	0	11.563585012538356	0.06320919212869303	13.690612338971642	0.0446994508823364	0	0	0	0	0	0	0	0	2	0	1	1
80361	1750332192	1750341291	294.8448664	311.2961955	480	0	0	0	0	0	8.311691770232917	2.97937996806772	0.8248779957300013	0	0	0	0	0	0	0	0	0	0.11706758074379588	0.15099217276446972	0	0	0	0	0	0	0	0	11.570591887338612	0.15253666156404844	13.473808023954437	0.11098563586840537	0	0	0	0	0	0	0	0	2	0	1	1
80362	1750342565	1750385047	294.8448664	311.2961955	2095	0	0	0	0	0	8.253518258359987	3.276510994675415	0.822412148329675	0	0	0	0	0	0	0	0	0	0.05909075021760495	0.07358971632644015	0	0	0	0	0	0	0	0	11.679452197417486	0.07468763425967939	13.565908089190192	0.05612909170895097	0	0	0	0	0	0	0	0	2	0	1	1
80367	1750391265	1750413800	294.8448664	311.2961955	1155	0	0	0	0	0	8.487976874130878	3.7387144121818685	0.8237555609639864	0	0	0	0	0	0	0	0	0	0.07423443270463922	0.09794668617796937	0	0	0	0	0	0	0	0	11.575987726385948	0.10127995342871277	13.853083381749626	0.06980270901242225	0	0	0	0	0	0	0	0	2	0	1	1
80369	1750418077	1750448521	293.2791233	309.4658198	1535	0	0	0	0	0	7.048427830960321	4.17227667478994	0.8212824605098649	0	0	0	0	0	0	0	0	0	0.06475992540067828	0.08313478424773688	0	0	0	0	0	0	0	0	11.626930852536779	0.08498388825533265	13.64908294809702	0.06124622347850117	0	0	0	0	0	0	0	0	3	0	1	1
80370	1750458408	1750481744	293.2791233	309.4658198	1260	0	0	0	0	0	6.858441523685345	3.7942029929574446	0.8191064983234547	0	0	0	0	0	0	0	0	0	0.07798131365982577	0.1089499937689708	0	0	0	0	0	0	0	0	11.26172918927736	0.12659323623464047	13.53460758948791	0.07995605275043438	0	0	0	0	0	0	0	0	3	0	1	1
80377	1750498119	1750534602	293.2791233	309.4658198	1960	0	0	0	0	0	6.779410984397808	3.8408128968831767	0.8209854999343196	0	0	0	0	0	0	0	0	0	0.05709431856951981	0.07433234928535815	0	0	0	0	0	0	0	0	11.688407603520613	0.07690427195724503	13.843049606163927	0.05403578487227545	0	0	0	0	0	0	0	0	3	0	1	1
80379	1750539390	1750564842	293.2791233	309.4658198	1365	0	0	0	0	0	6.903530558041358	4.014926792568841	0.8228293541026781	0	0	0	0	0	0	0	0	0	0.06984743922230195	0.09112637634421764	0	0	0	0	0	0	0	0	11.612632107068533	0.09367367755640466	13.780412533674	0.06668714678162058	0	0	0	0	0	0	0	0	3	0	1	1
80381	1750567468	1750598996	293.2791233	309.4658198	1695	0	0	0	0	0	-9.193963255896882	-2.5020131801408354	0.4596038838188586	0	0	0	0	0	0	0	0	0	3.6932225534872236	1.8845906989963315	0	0	0	0	0	0	0	0	44.804186348466196	1.9209371714194496	28.701967800119508	3.566401559305156	0	0	0	0	0	0	0	0	3	0	0	1
80383	1750605144	1750652619	291.7354329	307.8890503	2550	0	0	0	0.8	-5.	8.334366137020556	10.03197021751	0.8232561866502025	0	0	0	0	0	0	0	0	0	0.0495074549010736	0.06650238278946619	0	0	0	0	0	0	0	0	11.665198036765592	0.07030484892243205	14.113747801330351	0.04728170606605708	0	0	0	0	0	0	0	0	4	0	1	1
80385	1750654272	1750696213	291.7354329	307.8890503	2245	0	0	0	0	0	8.238834715406277	4.174092231874021	0.8206770471193016	0	0	0	0	0	0	0	0	0	0.05463553763900635	0.07336033531822607	0	0	0	0	0	0	0	0	11.649996619985851	0.07779350866042467	14.156655119241213	0.05187442911921991	0	0	0	0	0	0	0	0	4	0	1	1
80386	1750696727	1750742945	291.7354329	307.8890503	2410	0	0	0	0	0	8.243888792153246	3.8098520621356133	0.8188062846147609	0	0	0	0	0	0	0	0	0	0.05313560880599432	0.06989318977665823	0	0	0	0	0	0	0	0	11.632752066751188	0.07308035833357884	13.910923640639753	0.050018365694840305	0	0	0	0	0	0	0	0	4	0	1	1
80388	1750745338	1750755762	291.7354329	307.8890503	560	0	0	0	0	0	8.240644831858498	4.260055985320175	0.81702031842878	0	0	0	0	0	0	0	0	0	0.12336711519853454	0.15335812774785146	0	0	0	0	0	0	0	0	11.423965919321452	0.16008513520170187	14.036807461314822	0.12748195257066808	0	0	0	0	0	0	0	0	4	0	1	1
80390	1750757624	1750805421	290.3571379	306.3563862	2475	0	0	0	0	0	7.601738348849528	4.568072532668189	0.8208070502174547	0	0	0	0	0	0	0	0	0	0.050205740620804865	0.06812972823635757	0	0	0	0	0	0	0	0	11.751735216941423	0.07292037998350498	14.341629235584692	0.04752330813043759	0	0	0	0	0	0	0	0	5	0	1	1
80391	1750809686	1750855186	290.3571379	306.3563862	2315	0	0	0	0	0	7.577331263181295	4.4735287803746715	0.8200998318514531	0	0	0	0	0	0	0	0	0	0.053289708310577756	0.07291071303472375	0	0	0	0	0	0	0	0	11.725304434304906	0.07754963216762256	14.369099393769442	0.05050457816160847	0	0	0	0	0	0	0	0	5	0	1	1
80392	1750855930	1750913696	290.3571379	306.3563862	3030	0	0	0	0	0	7.632912900125778	4.6260655450249155	0.8189545066901621	0	0	0	0	0	0	0	0	0	0.04581925052260861	0.06470125245931027	0	0	0	0	0	0	0	0	11.667192927646736	0.068194940529823	14.420593910992876	0.04361414519222517	0	0	0	0	0	0	0	0	5	0	1	1
80393	1750914819	1750924622	290.3571379	306.3563862	530	0	0	0	0	0	3.8943889458105945	2.284304663394674	0.6478977157781978	0	0	0	0	0	0	0	0	0	6.425141096345911	2.420667909740848	0	0	0	0	0	0	0	0	46.4127399834792	3.173427861047985	25.893604634932146	6.525231902372955	0	0	0	0	0	0	0	0	5	0	0	1
80394	1750925797	1750944344	290.3571379	306.3563862	980	0	0	0	0	0	-3.3686411594912387	-1.1378674614097466	0.581527953165263	0	0	0	0	0	0	0	0	0	3.4672233489680178	1.6928523601370504	0	0	0	0	0	0	0	0	38.461425604478805	1.707307500173096	25.48889447051518	3.5304011102069026	0	0	0	0	0	0	0	0	5	0	0	1
80396	1750952522	1751010507	289.0008956	304.9450122	2960	0	0	0	0	0	7.203359669194151	4.110473732344527	0.8172425378938368	0	0	0	0	0	0	0	0	0	0.04653219873228916	0.06324850869644448	0	0	0	0	0	0	0	0	11.728296252607278	0.06676278473551722	14.238166307825173	0.04423585582084666	0	0	0	0	0	0	0	0	6	0	1	1
80397	1751010899	1751033105	289.0008956	304.9450122	1150	0	0	0	0	0	6.965294626088902	4.221276808451546	0.8158071993529482	0	0	0	0	0	0	0	0	0	0.07874857050609205	0.10234515399350151	0	0	0	0	0	0	0	0	11.273793643124458	0.10878571233026424	14.18458512447758	0.08164706771463148	0	0	0	0	0	0	0	0	6	0	1	1
80403	1751042844	1751100607	289.0008956	304.9450122	3095	0	0	0	0	0	6.8283591497593585	4.617015793776527	0.814558029348889	0	0	0	0	0	0	0	0	0	0.046595351883183055	0.0634626109814566	0	0	0	0	0	0	0	0	11.795672584619396	0.06795346685926251	14.375322147355659	0.044529855847943445	0	0	0	0	0	0	0	0	6	0	1	1
80406	1751110335	1751120636	289.0008956	304.9450122	540	0	0	0	0	0	6.689142241022027	4.498166819819024	0.8152641244178348	0	0	0	0	0	0	0	0	0	0.11090855918100163	0.1482621645240806	0	0	0	0	0	0	0	0	11.683850025800393	0.1575217081634941	14.100869663214414	0.10417183257754647	0	0	0	0	0	0	0	0	6	0	1	1
80408	1751123479	1751176471	287.5343897	303.4123481	2830	0	0	0	0	0	7.2107077058608935	4.31424397564993	0.8135305145379624	0	0	0	0	0	0	0	0	0	0.04945828623097754	0.06953633896200938	0	0	0	0	0	0	0	0	11.704362926801654	0.07468307620303882	14.538531004995937	0.04710555791098603	0	0	0	0	0	0	0	0	7	0	1	1
80412	1751183821	1751225344	287.5343897	303.4123481	2180	0	0	0	0	0	7.324916900308618	4.282635668100016	0.8138683448503472	0	0	0	0	0	0	0	0	0	0.05790683161483533	0.08074503255113746	0	0	0	0	0	0	0	0	11.842722717780767	0.08701117290456306	14.594896351772016	0.055568968196821444	0	0	0	0	0	0	0	0	7	0	1	1
80413	1751228250	1751275320	287.5343897	303.4123481	2485	0	0	0	0	0	7.084685121858333	4.360685890988255	0.8179647667376045	0	0	0	0	0	0	0	0	0	0.05094383077845397	0.07258896053471436	0	0	0	0	0	0	0	0	11.870682447921208	0.07941372466724061	14.830626736892206	0.049623404933664794	0	0	0	0	0	0	0	0	7	0	1	1
80415	1751286320	1751310060	286.012752	301.7032623	1255	0	0	0	0	0	6.551106728706366	9.4424260698	0.8105339051021662	0	0	0	0	0	0	0	0	0	0.07841565165945415	0.10382443281359488	0	0	0	0	0	0	0	0	11.440165183570187	0.11210876628683497	14.547762867023934	0.08341595824069259	0	0	0	0	0	0	0	0	8	0	1	1
80416	1751312126	1751372396	286.012752	301.7032623	3230	0	0	0	0	0	6.334313264681489	3.653865163321616	0.8127015259795131	0	0	0	0	0	0	0	0	0	0.04677390401961494	0.06483084007254564	0	0	0	0	0	0	0	0	11.814628200980497	0.06949711980317907	14.475865657040586	0.04426422626129156	0	0	0	0	0	0	0	0	8	0	1	1
80421	1751382826	1751439265	286.012752	301.7032623	3005	0	0	0	0	0	6.63247478619334	4.239968336184504	0.8099079442443882	0	0	0	0	0	0	0	0	0	0.04885954519849967	0.06800569497934386	0	0	0	0	0	0	0	0	11.909355813749405	0.07447524208374645	14.645441362937289	0.046929008668955774	0	0	0	0	0	0	0	0	8	0	1	1
80422	1751440758	1751458759	286.012752	301.7032623	965	0	0	0	0	0	-0.689190637481589	-0.5440309444873876	0.5862744878018553	0	0	0	0	0	0	0	0	0	3.7398245052718537	1.5301013388613605	0	0	0	0	0	0	0	0	35.78915226255596	1.262298750801646	21.649876618914135	3.7539963814307526	0	0	0	0	0	0	0	0	8	0	0	1
80426	1751470888	1751529639	284.480088	300.1595719	3035	0	0	0	0	0	6.695074329184898	4.090212262108027	0.8085803179307227	0	0	0	0	0	0	0	0	0	0.049495516030912866	0.0676373649873484	0	0	0	0	0	0	0	0	11.813020946636225	0.07140114489005978	14.347708829605592	0.047114614275402644	0	0	0	0	0	0	0	0	9	0	1	1
80427	1751529883	1751575386	284.480088	300.1595719	2395	0	0	0	0	0	6.69006714691459	4.411876279060105	0.8081539092057608	0	0	0	0	0	0	0	0	0	0.05522720036455746	0.07452645839200843	0	0	0	0	0	0	0	0	11.884334775879136	0.07959761321734593	14.332188853045409	0.05291252499738697	0	0	0	0	0	0	0	0	9	0	1	1
80428	1751575846	1751619880	284.480088	300.1595719	2300	0	0	0	0	0	6.861909942639705	4.078545640651893	0.8094099014761271	0	0	0	0	0	0	0	0	0	0.055216122127761884	0.07525811968952824	0	0	0	0	0	0	0	0	11.920609547170157	0.08014844006945943	14.4395069708526	0.05305771873684506	0	0	0	0	0	0	0	0	9	0	1	1
80431	1751626463	1751691941	282.9584503	298.6048552	3480	0	0	0	0	0	6.768046478368521	3.1542836659305955	0.8109565194349667	0	0	0	0	0	0	0	0	0	0.0433259919259353	0.06028979173273936	0	0	0	0	0	0	0	0	12.052366596899711	0.0664788354028154	14.84200937733508	0.041756919519239766	0	0	0	0	0	0	0	0	10	0	1	1
80432	1751692634	1751778038	282.9584503	298.6048552	4530	0	0	0	0	0	6.806217424224354	3.1364658616575776	0.8134586535795713	0	0	0	0	0	0	0	0	0	0.03777252462387384	0.052634800486715	0	0	0	0	0	0	0	0	12.071978267024575	0.05826403172584005	14.88312552664378	0.0364774482667416	0	0	0	0	0	0	0	0	10	0	1	1
80434	1751790336	1751873987	282.9584503	298.6048552	4210	0	0	0	0	0	-8.976863401782103	-0.06143541053556448	0.5444069007080209	0	0	0	0	0	0	0	0	0	2.627614561806876	0.8819767967877646	0	0	0	0	0	0	0	0	47.35714981223237	0.9091584710846252	26.87649335378737	2.4701695587263046	0	0	0	0	0	0	0	0	10	0	0	1
80436	1751879308	1751963710	281.4147599	297.0611648	3310	0	0	0	0	0	7.425400918413987	2.2516394379296445	0.8112367669738564	0	0	0	0	0	0	0	0	0	0.04666470026538951	0.0649547013307334	0	0	0	0	0	0	0	0	12.124538583623924	0.07271422299693064	14.98790548413529	0.04487865373398314	0	0	0	0	0	0	0	0	11	0	1	1
80439	1751981804	1752040755	281.4147599	297.0611648	3175	0	0	0	0	0	7.440261369171649	1.3793791689711101	0.8164994617967087	0	0	0	0	0	0	0	0	0	0.04798201733105833	0.06881498951253127	0	0	0	0	0	0	0	0	12.03408896992919	0.07767743173866659	15.175402691007445	0.04626984062888351	0	0	0	0	0	0	0	0	11	0	1	1
80441	1752067416	1752133853	279.8820959	295.4954216	3560	0	0	0	0	0	7.675592992094003	0.32389213819433765	0.8194557756990127	0	0	0	0	0	0	0	0	0	0.04514796490937428	0.06206393194983226	0	0	0	0	0	0	0	0	12.2169853171771	0.06922057265726345	14.95071546299341	0.04387013153690056	0	0	0	0	0	0	0	0	12	0	1	1
80442	1752134181	1752170707	279.8820959	295.4954216	1960	0	0	0	0	0	7.565060888088521	0.4461909272748338	0.8186733033536641	0	0	0	0	0	0	0	0	0	0.06153150577151562	0.08172697446601646	0	0	0	0	0	0	0	0	12.313765122173919	0.09022505704034867	14.734510245786112	0.0604994502452838	0	0	0	0	0	0	0	0	12	0	1	1
80443	1752171148	1752222735	279.8820959	295.4954216	2770	0	0	0	0	0	7.607969868373969	0.31351609593091573	0.8187233244168369	0	0	0	0	0	0	0	0	0	0.05187196929969841	0.06943626724689632	0	0	0	0	0	0	0	0	12.2524036301062	0.0758038918002395	14.731192799275716	0.050543594299271355	0	0	0	0	0	0	0	0	12	0	1	1
80445	1752229533	1752297015	278.3273791	293.7863358	3580	0	0	0	0	0	7.050645228700119	1.374261360865916	0.8197863995191842	0	0	0	0	0	0	0	0	0	0.04603214106238795	0.06335046011807678	0	0	0	0	0	0	0	0	12.391568227725152	0.0719011106647196	15.158647141661064	0.045417422349379954	0	0	0	0	0	0	0	0	13	0	1	1
80446	1752297868	1752352068	278.3273791	293.7863358	2925	0	0	0	0	0	7.100856614138378	1.6706128372025575	0.8208103735203104	0	0	0	0	0	0	0	0	0	0.05089209582451766	0.06933001732566776	0	0	0	0	0	0	0	0	12.262151675060222	0.07753462976409153	14.951315134643398	0.04951596304070449	0	0	0	0	0	0	0	0	13	0	1	1
80447	1752353363	1752385196	278.3273791	293.7863358	1700	0	0	0	0	0	7.1501274180358845	1.870947941420985	0.8182737923105029	0	0	0	0	0	0	0	0	0	0.06718868319688884	0.09194283999598467	0	0	0	0	0	0	0	0	12.215541529867487	0.1024722448640123	14.938495166166044	0.06536725281733702	0	0	0	0	0	0	0	0	13	0	1	1
80448	1752390621	1752411826	278.3273791	293.7863358	1140	0	0	0	0	0	-4.777041929558866	3.1313255375467897	0.6366463713013493	0	0	0	0	0	0	0	0	0	2.856451282976129	5.4870155326848975	0	0	0	0	0	0	0	0	41.14661056933863	3.952087011070539	32.57864444245655	3.087342141915734	0	0	0	0	0	0	0	0	13	0	0	1
80450	1752422524	1752439833	276.7836887	292.2205927	940	0	0	0	0	0	7.709817342544451	-1.6540311622786434	0.8163055074019253	0	0	0	0	0	0	0	0	0	0.09263567620979354	0.12024986947226457	0	0	0	0	0	0	0	0	12.361727794762022	0.13139868657370624	14.62932620674277	0.09001895799368054	0	0	0	0	0	0	0	0	14	0	1	1
80451	1752442558	1752512272	276.7836887	292.2205927	3735	0	0	0	0	0	7.660296801104492	-1.9563646608249348	0.8197665153813667	0	0	0	0	0	0	0	0	0	0.04548078821237514	0.05900269187070514	0	0	0	0	0	0	0	0	12.482389061880225	0.06547638579161852	14.747279220128657	0.04493895744875598	0	0	0	0	0	0	0	0	14	0	1	1
80452	1752512607	1752555855	276.7836887	292.2205927	2320	0	0	0	0	0	7.706956085801943	-2.2325505345951475	0.8183177305852561	0	0	0	0	0	0	0	0	0	0.056172698101557145	0.07361154537658442	0	0	0	0	0	0	0	0	12.341143023266511	0.08147193408442899	14.700436551366545	0.05503074030275812	0	0	0	0	0	0	0	0	14	0	1	1
80454	1752560889	1752607252	275.53771	290.665876	2490	0	0	0	0	0	6.53326534626947	-4.031042984097407	0.8197825263191743	0	0	0	0	0	0	0	0	0	0.054241891790218585	0.06878347015245799	0	0	0	0	0	0	0	0	12.606817034869664	0.07317174005411164	14.416734532666934	0.05393087586666745	0	0	0	0	0	0	0	0	15	0	1	1
80455	1752607555	1752651808	275.53771	290.665876	2375	0	0	0	0	0	6.680642387453481	-4.080842193698767	0.8189187607024824	0	0	0	0	0	0	0	0	0	0.05617796654762412	0.06997438791909409	0	0	0	0	0	0	0	0	12.618797919406925	0.07472998705010081	14.281927511575653	0.055993975180397726	0	0	0	0	0	0	0	0	15	0	1	1
80456	1752652063	1752678097	275.53771	290.665876	1370	0	0	0	0	0	6.639064928079463	-3.515305162862551	0.8194667800643332	0	0	0	0	0	0	0	0	0	0.07480230877058852	0.09202671315649245	0	0	0	0	0	0	0	0	12.762978354864593	0.09614092191565682	14.24732519276295	0.07552913265065442	0	0	0	0	0	0	0	0	15	0	1	1
80457	1752678825	1752688962	275.53771	290.665876	545	0	0	0	0	0	6.577145288287106	-1.8832321542898511	0.8130845664714679	0	0	0	0	0	0	0	0	0	0.12809587724447827	0.1669329548179986	0	0	0	0	0	0	0	0	12.94426306104067	0.1699091579844767	14.47005402260462	0.12965084207472	0	0	0	0	0	0	0	0	15	0	1	1
80459	1752694670	1752733737	274.3358368	289.287581	1945	0	0	0	0	0	6.03110613282568	-4.091164094406095	0.815409326791971	0	0	0	0	0	0	0	0	0	0.0635717451271282	0.07793676996418686	0	0	0	0	0	0	0	0	12.70205409916455	0.08196375984618332	14.16407912332139	0.06358178818965321	0	0	0	0	0	0	0	0	16	0	1	1
80461	1752741884	1752753698	274.3358368	289.287581	630	0	0	0	0	0	5.923644033586244	-3.808562218388294	0.8156942831672837	0	0	0	0	0	0	0	0	0	0.11579897111177159	0.14028277774432957	0	0	0	0	0	0	0	0	13.10685267640181	0.14913942020486193	14.469685711396306	0.1184544695244405	0	0	0	0	0	0	0	0	16	0	1	0
80462	1752754062	1752759681	274.3358368	289.287581	300	0	0	0	0	0	6.080747617093826	-3.763505353318681	0.8112015980541178	0	0	0	0	0	0	0	0	0	0.16858085482790058	0.20018811691748867	0	0	0	0	0	0	0	0	12.784980858795544	0.20201688185066757	13.926737468916338	0.16760080234731944	0	0	0	0	0	0	0	0	16	0	1	1
80463	1752761546	1752793891	274.3358368	289.287581	1650	0	0	0	0	0	5.807246572440191	-3.7405921808643487	0.8104608633198631	0	0	0	0	0	0	0	0	0	0.07110942427238379	0.08924110708300001	0	0	0	0	0	0	0	0	12.629799429812813	0.0931243953227252	14.171806266299765	0.07118594301638037	0	0	0	0	0	0	0	0	16	0	1	1
80464	1752796625	1752847409	274.3358368	289.287581	2720	0	0	0	0	0	6.092817656675194	-3.6416735588503335	0.8125588060247184	0	0	0	0	0	0	0	0	0	0.05798616183509675	0.06997558065232233	0	0	0	0	0	0	0	0	12.92256081595774	0.07417907511404387	14.227596374313988	0.058635146728430065	0	0	0	0	0	0	0	0	16	0	1	0
80472	1753034941	1753061299	274.3358368	289.287581	1370	0	0	0	0	0	6.351679513336358	-4.0884846051188815	0.811946417931498	0	0	0	0	0	0	0	0	0	0.09487768843098811	0.10677261630590847	0	0	0	0	0	0	0	0	12.90465771924833	0.10236832057807455	14.492130407694736	0.09569397233704624	0	0	0	0	0	0	0	0	16	0	1	1
80467	1752856861	1752913248	272.3400656	286.9499926	3030	0	0	0	0	0	3.9162007962924057	-5.52213696243491	0.818851238464268	0	0	0	0	0	0	0	0	0	0.05011200850856107	0.057343835371308605	0	0	0	0	0	0	0	0	13.333842999065636	0.056622286226975405	14.57051072374739	0.047473166233025665	0	0	0	0	0	0	0	0	17	0	1	1
80468	1752913521	1752958059	272.3400656	286.9499926	2380	0	0	0	0	0	3.88723242464804	-5.631515183577421	0.8162772506874214	0	0	0	0	0	0	0	0	0	0.05713656793794549	0.0650534727418939	0	0	0	0	0	0	0	0	13.362869699406364	0.06439927375749832	14.580146527944963	0.05420176255262543	0	0	0	0	0	0	0	0	17	0	1	1
80469	1752958400	1753009741	272.3400656	286.9499926	2725	0	0	0	0	0	4.082951970356321	-5.578893943783902	0.8208928036624517	0	0	0	0	0	0	0	0	0	0.052168343124368764	0.05856204519500483	0	0	0	0	0	0	0	0	13.482916300500548	0.058134465478023145	14.57928302957908	0.05016180458811448	0	0	0	0	0	0	0	0	17	0	1	1
80470	1753011857	1753029458	272.3400656	286.9499926	910	0	0	0	0	0	0.1409887458700007	1.1442211722163074	0.6822321554400652	0	0	0	0	0	0	0	0	0	2.1929410779840284	1.6479251906217938	0	0	0	0	0	0	0	0	40.480348477975156	1.7225435081799603	29.61428344072921	2.6813786740019623	0	0	0	0	0	0	0	0	17	0	0	1
80534	1759228247	1759262428	297.2706656	315.2436324	1655	0	0	0	0	0	7.80125201152818	2.0543960901949414	0.8098453760028494	0	0	0	0	0	0	0	0	0	0.06913483518357075	0.07797264087911725	0	0	0	0	0	0	0	0	11.12760907644746	0.07738303216129783	13.01597468392734	0.06972279586808394	0	0	0	0	0	0	0	0	18	0	1	1
80535	1759262694	1759313960	297.2706656	315.2436324	2790	0	0	0	0	0	7.737535174612297	2.4945754335210615	0.8093970507125613	0	0	0	0	0	0	0	0	0	0.05250175164381601	0.06621005738471433	0	0	0	0	0	0	0	0	11.094532659139102	0.07537047011046027	12.87558802140425	0.05355207460674638	0	0	0	0	0	0	0	0	18	0	1	1
80536	1759314228	1759350476	297.2706656	315.2436324	2005	0	0	0	0	0	7.82003488839387	2.2172449889545853	0.8118216231244295	0	0	0	0	0	0	0	0	0	0.05837877190187865	0.06867028989503494	0	0	0	0	0	0	0	0	11.616842002191522	0.06869285343268317	13.021636970292622	0.054894354580762084	0	0	0	0	0	0	0	0	18	0	1	1
80537	1759350751	1759388756	297.2706656	315.2436324	2100	0	0	0	0	0	7.946855338206994	2.5043095415539343	0.811773891580246	0	0	0	0	0	0	0	0	0	0.05625262688356782	0.06766299675737468	0	0	0	0	0	0	0	0	11.621147501474304	0.06847902130968908	13.23837019553441	0.05356354236728844	0	0	0	0	0	0	0	0	18	0	1	1
80538	1759389649	1759417569	297.2706656	315.2436324	1545	0	0	0	0	0	-2.2958834176650855	2.2668030368277283	0.4482459663955105	0	0	0	0	0	0	0	0	0	2.6080990618521804	1.419122081841537	0	0	0	0	0	0	0	0	34.28423051017589	1.4899311880847819	25.8440340174504	2.088400153032417	0	0	0	0	0	0	0	0	18	0	0	1
80541	1759427190	1759463698	295.7931334	313.578652	2010	0	0	0	0	0	7.293638184534399	1.4370864657498081	0.8166078678823043	0	0	0	0	0	0	0	0	0	0.0569704238993029	0.07391019521861988	0	0	0	0	0	0	0	0	11.700947852320814	0.08455432303445853	13.003394947477474	0.05453509745770102	0	0	0	0	0	0	0	0	19	0	1	1
80550	1759523092	1759525107	295.7931334	313.578652	115	0	0	0	0	0	7.643952188559162	1.6432927798255788	0.8187837008286714	0	0	0	0	0	0	0	0	0	0.25113957759226746	0.32734978664613296	0	0	0	0	0	0	0	0	11.752529463195936	0.3372792648981422	12.409011429036187	0.2348273974562307	0	0	0	0	0	0	0	0	19	0	1	0
80554	1759534415	1759542867	295.7931334	313.578652	470	0	0	0	0	0	7.060767288377569	1.679442055915637	0.8213117982705902	0	0	0	0	0	0	0	0	0	0.1153937054204507	0.17233679604748756	0	0	0	0	0	0	0	0	11.539537135352862	0.1892599995373816	13.272026539056395	0.11076285762645277	0	0	0	0	0	0	0	0	19	0	1	0
80555	1759544393	1759547889	295.7931334	313.578652	200	0	0	0	0	0	6.9636885683517225	1.7117376270432307	0.8180925210326635	0	0	0	0	0	0	0	0	0	0.19231826463799886	0.25074232304569327	0	0	0	0	0	0	0	0	11.822237402405207	0.25469470446361964	13.649463049338328	0.18717502763843008	0	0	0	0	0	0	0	0	19	0	1	0
80556	1759551165	1759555540	295.7931334	313.578652	240	0	0	0	0	0	7.023329739322056	2.0934427306355916	0.8083121627662091	0	0	0	0	0	0	0	0	0	0.21095600172356246	0.2773642259017021	0	0	0	0	0	0	0	0	11.121080707383866	0.32432636685968763	13.220503323395079	0.2243520847054521	0	0	0	0	0	0	0	0	19	0	1	0
80557	1759557747	1759565908	295.7931334	313.578652	460	0	0	0	0	0	6.816881448637527	1.2660251973929346	0.8022152651991163	0	0	0	0	0	0	0	0	0	0.1621580188327455	0.2603868481916624	0	0	0	0	0	0	0	0	10.764393127191987	0.2820773589678707	13.317621506944057	0.16306879649031636	0	0	0	0	0	0	0	0	19	0	1	0
80558	1759567395	1759573081	295.7931334	313.578652	290	0	0	0	0	0	5.387611370418987	2.9037759482854053	0.8015289263091787	0	0	0	0	0	0	0	0	0	0.21187400509767068	0.2764892425787857	0	0	0	0	0	0	0	0	11.388381579523067	0.32095857632175395	12.664916582349631	0.20616283314749495	0	0	0	0	0	0	0	0	19	0	1	0
80559	1759575658	1759611138	295.7931334	313.578652	1915	0	0	0	0	0	6.512114467294884	2.1313405258072446	0.8200460815700599	0	0	0	0	0	0	0	0	0	0.05587071554922645	0.06775020713623091	0	0	0	0	0	0	0	0	11.71108730105527	0.06929588680273557	13.379209879197616	0.05378170016967054	0	0	0	0	0	0	0	0	19	0	1	1
80560	1759611496	1759658264	295.7931334	313.578652	2380	0	0	0	0	0	6.449073806377526	1.9900041292408472	0.8130513282564253	0	0	0	0	0	0	0	0	0	0.05049182459195571	0.06127592189464055	0	0	0	0	0	0	0	0	11.71168012937708	0.06268421725315587	13.363166365976367	0.04823442964757341	0	0	0	0	0	0	0	0	19	0	1	1
80561	1759659164	1759676187	295.7931334	313.578652	900	0	0	0	0	0	6.27530291956573	2.202409268199975	0.8084474837466503	0	0	0	0	0	0	0	0	0	0.08804425244503908	0.10825748395484273	0	0	0	0	0	0	0	0	11.571480474026355	0.11096369554385888	13.322944677318157	0.08316739973939047	0	0	0	0	0	0	0	0	19	0	1	1
80563	1759678594	1759740544	294.4368911	312.1341989	3370	0	0	0	0	0	6.968542404196351	2.0313367787544787	0.8147348625499734	0	0	0	0	0	0	0	0	0	0.04338723751786508	0.053462582065686416	0	0	0	0	0	0	0	0	11.748727005954777	0.05446769792435813	13.526076718775393	0.04157371575395352	0	0	0	0	0	0	0	0	20	0	1	1
80564	1759740928	1759775160	294.4368911	312.1341989	1600	0	0	0	0	0	7.07912313673058	2.052851855318074	0.8137951504383338	0	0	0	0	0	0	0	0	0	0.07992414992346401	0.0965059120627218	0	0	0	0	0	0	0	0	11.722807000685806	0.09901885310771696	13.488411672260428	0.07579725618182653	0	0	0	0	0	0	0	0	20	0	1	1
80565	1759775621	1759819500	294.4368911	312.1341989	2420	0	0	0	0	0	7.474933375207233	0.7016879228881834	0.8130978394235598	0	0	0	0	0	0	0	0	0	0.05654136181987014	0.07017836453335323	0	0	0	0	0	0	0	0	11.70955643536544	0.07163261666893384	13.554768589699496	0.054061410320418446	0	0	0	0	0	0	0	0	20	0	1	1
80573	1759835713	1759847503	294.4368911	312.1341989	660	0	0	0	0	0	7.473537275313443	0.4863854579435206	0.8132178110146807	0	0	0	0	0	0	0	0	0	0.09834209611007566	0.1260646849218866	0	0	0	0	0	0	0	0	11.540717237421761	0.12612762797383414	13.43993784860338	0.09148847928677029	0	0	0	0	0	0	0	0	20	0	1	1
80577	1759856931	1759870601	294.4368911	312.1341989	755	0	0	0	0	0	7.104143239571787	0.19110730739810855	0.8122359891117092	0	0	0	0	0	0	0	0	0	0.09353439527289285	0.11642253568061137	0	0	0	0	0	0	0	0	11.668111515358115	0.11791711595193277	13.324257571688783	0.08858979623635843	0	0	0	0	0	0	0	0	20	0	1	1
80578	1759871307	1759904887	294.4368911	312.1341989	1800	0	0	0	0	0	-5.639652952617623	-1.3372663057696175	0.5733563669081831	0	0	0	0	0	0	0	0	0	2.9628626385606625	1.4595253965851456	0	0	0	0	0	0	0	0	41.78264684671338	1.5538188796733934	29.219251550524188	2.962933019423563	0	0	0	0	0	0	0	0	20	0	0	1
80580	1759927258	1759941125	292.8380689	310.4030604	725	0	0	0	0	0	6.868554007965049	1.9308503321879442	0.8137984091224676	0	0	0	0	0	0	0	0	0	0.0913755181497058	0.11679723077825027	0	0	0	0	0	0	0	0	11.553234218380942	0.12257368375362887	13.618400372863144	0.08694813459883477	0	0	0	0	0	0	0	0	21	0	1	1
80581	1759941424	1760012690	292.8380689	310.4030604	3870	0	0	0	0	0	6.931329063716531	2.220388695966623	0.8116874998283394	0	0	0	0	0	0	0	0	0	0.04131623953063524	0.05209271379918166	0	0	0	0	0	0	0	0	11.736245594132296	0.05426724874936362	13.710804972865397	0.039331827658677376	0	0	0	0	0	0	0	0	21	0	1	1
80582	1760013640	1760043058	292.8380689	310.4030604	1620	0	0	0	0	0	6.861264691964617	1.8363330289870645	0.8093778527990394	0	0	0	0	0	0	0	0	0	0.06405233172211819	0.08177543007072825	0	0	0	0	0	0	0	0	11.539938507314716	0.08505272256541296	13.631643253813678	0.060348286347833735	0	0	0	0	0	0	0	0	21	0	1	1
80583	1760044607	1760083824	292.8380689	310.4030604	2140	0	0	0	0	0	6.830541210824682	2.131677764391356	0.811900137455184	0	0	0	0	0	0	0	0	0	0.05486271335914312	0.07035144795389162	0	0	0	0	0	0	0	0	11.783590167671512	0.0735942035617212	13.917050626127761	0.052348433922187354	0	0	0	0	0	0	0	0	21	0	1	1
80585	1760092850	1760102437	291.0407722	308.4955001	530	0	0	0	0	0	7.647740100089511	1.0372421821063325	0.8087863776817169	0	0	0	0	0	0	0	0	0	0.11406078757956223	0.15230085772415733	0	0	0	0	0	0	0	0	11.56296254838272	0.16342930992185156	14.145756080591983	0.10753304734837865	0	0	0	0	0	0	0	0	22	0	1	1
80592	1760111872	1760120603	291.0407722	308.4955001	485	0	0	0	0	0	7.2398644047464495	0.7194366341915759	0.8114611717472833	0	0	0	0	0	0	0	0	0	0.12045013542467307	0.15071902637678664	0	0	0	0	0	0	0	0	11.751083561061	0.15983679703183995	13.823497439049646	0.11388439417955709	0	0	0	0	0	0	0	0	22	0	1	1
80593	1760123401	1760149850	291.0407722	308.4955001	1455	0	0	0	0	0	7.1451295227577525	0.7414838024343687	0.8083373033619833	0	0	0	0	0	0	0	0	0	0.06888492520038242	0.08855890703573832	0	0	0	0	0	0	0	0	11.638697152711469	0.09251977971985426	13.746293942592251	0.06577924489569664	0	0	0	0	0	0	0	0	22	0	1	1
80601	1760165420	1760188631	291.0407722	308.4955001	1290	0	0	0	0	0	6.67848130023526	0.640533016801281	0.8123115537443723	0	0	0	0	0	0	0	0	0	0.07403395810762368	0.09498951548302582	0	0	0	0	0	0	0	0	11.76105235491455	0.10028090138790091	13.871078503678952	0.07078151296440272	0	0	0	0	0	0	0	0	22	0	1	1
80602	1760192476	1760247450	291.0407722	308.4955001	3045	0	0	0	0	0	7.008899129621658	0.8855242444637962	0.8164697963236094	0	0	0	0	0	0	0	0	0	0.045912094545168626	0.05850273620452749	0	0	0	0	0	0	0	0	11.91857376334493	0.06190201587743438	13.972767465825017	0.044074856641812765	0	0	0	0	0	0	0	0	22	0	1	1
80603	1760248139	1760278772	291.0407722	308.4955001	1690	0	0	0	0	0	6.751576967449473	0.9744161314219804	0.8109208836658413	0	0	0	0	0	0	0	0	0	0.06355039684979709	0.08178703389763547	0	0	0	0	0	0	0	0	11.745495522843356	0.086172705474314	13.888523124722795	0.06075170763365989	0	0	0	0	0	0	0	0	22	0	1	1
80605	1760286976	1760340292	291.0407722	308.4955001	2895	0	0	0	0	0	6.197	-0.06561995554188763	0.5693250390695728	0	0	0	0	0	0	0	0	0	0.5043195535727333	0.5046396758556734	0	0	0	0	0	0	0	0	18.355	0.5016223904473218	22.6750581658261	0.5378402841657035	0	0	0	0	0	0	0	0	22	0	0	0
80607	1760353605	1760435176	289.6624772	307.1061787	4490	0	0	0	0	0	6.492833450557772	0.7218913903249334	0.8153040817811524	0	0	0	0	0	0	0	0	0	0.039144908466180524	0.04932407262514622	0	0	0	0	0	0	0	0	11.937893284983563	0.05203033131673784	13.884078347774397	0.03769077696637435	0	0	0	0	0	0	0	0	23	0	1	1
80608	1760436358	1760483690	289.6624772	307.1061787	2540	0	0	0	0	0	6.371961147728336	0.16152419978787233	0.8070110291259593	0	0	0	0	0	0	0	0	0	0.059359881790228	0.07332725305395643	0	0	0	0	0	0	0	0	11.971392076698407	0.07663103544321626	13.680387035964127	0.05670848657809824	0	0	0	0	0	0	0	0	23	0	1	1
80611	1760511446	1760531783	289.6624772	307.1061787	1045	0	0	0	0	0	6.0917732618144065	0.20170923856674014	0.8092337747689987	0	0	0	0	0	0	0	0	0	0.08011623685347352	0.09978839132549337	0	0	0	0	0	0	0	0	11.903619282100086	0.1035825733205824	13.688912214705606	0.07625538904881779	0	0	0	0	0	0	0	0	23	0	1	1
80615	1760542000	1760602604	288.2621295	305.3750402	3260	0	0	0	0	0	5.699943770803308	2.5109085265026914	0.8088562332327628	0	0	0	0	0	0	0	0	0	0.04663756475671486	0.05906169187464912	0	0	0	0	0	0	0	0	11.920284579600192	0.06188103618407492	13.911531593047815	0.0447515448128728	0	0	0	0	0	0	0	0	24	0	1	1
80616	1760603039	1760693367	288.2621295	305.3750402	4525	0	0	0	0	0	5.582368307416584	0.7410583180245213	0.8135338499259924	0	0	0	0	0	0	0	0	0	0.03823030160962631	0.04905217999857321	0	0	0	0	0	0	0	0	11.997505536574332	0.051762312531995924	14.068335539587276	0.036726578633736295	0	0	0	0	0	0	0	0	24	0	1	1
80619	1760716211	1760771096	286.8507554	303.9636661	3040	0	0	0	0	0	6.189956811090935	-0.05030637826744905	0.8067679643279754	0	0	0	0	0	0	0	0	0	0.05218811018175692	0.06738905323659927	0	0	0	0	0	0	0	0	11.96891294523681	0.07079756592008568	14.033947767843514	0.05020551681257501	0	0	0	0	0	0	0	0	25	0	1	1
80620	1760772300	1760821111	286.8507554	303.9636661	2695	0	0	0	0	0	6.303800496498781	-0.16915294373575415	0.8133602425925491	0	0	0	0	0	0	0	0	0	0.04955269193649837	0.06453942269372256	0	0	0	0	0	0	0	0	11.965088683913383	0.06750920335137778	14.0710516067257	0.047901317305865554	0	0	0	0	0	0	0	0	25	0	1	1
80621	1760822525	1760868535	286.8507554	303.9636661	2535	0	0	0	0	0	6.310752874625557	-0.09126240635074345	0.8145002082152438	0	0	0	0	0	0	0	0	0	0.05223541410939524	0.06609459467083496	0	0	0	0	0	0	0	0	12.223744621046388	0.07000719593152471	14.068703168572034	0.05095001541767186	0	0	0	0	0	0	0	0	25	0	1	1
80622	1760869097	1760944468	286.8507554	303.9636661	4050	0	0	0	0	0	-5.539501661344829	1.2453782879415032	0.5588062966270778	0	0	0	0	0	0	0	0	0	1.7725768237335608	0.9434448863936746	0	0	0	0	0	0	0	0	44.94996900850232	1.0073362787971334	29.01887039830588	2.243037927254072	0	0	0	0	0	0	0	0	25	0	0	1
80624	1760949588	1760974930	285.3291177	302.3868966	1400	0	0	0	0	0	6.7969530094258115	-0.5133405498505992	0.8080323022245133	0	0	0	0	0	0	0	0	0	0.07381072118949593	0.09895209166396192	0	0	0	0	0	0	0	0	12.02333748730439	0.10537805346415041	14.337035245300783	0.07128767295177685	0	0	0	0	0	0	0	0	26	0	1	1
80625	1760975112	1761061173	285.3291177	302.3868966	4735	0	0	0	0	0	6.654451664512755	-0.2656533492154989	0.8098297217704536	0	0	0	0	0	0	0	0	0	0.038446013544281045	0.05150487871209515	0	0	0	0	0	0	0	0	12.113413893644674	0.055041817723179065	14.450956821172458	0.03722089421847219	0	0	0	0	0	0	0	0	26	0	1	1
80626	1761061655	1761114282	285.3291177	302.3868966	2895	0	0	0	0	0	6.546418820490976	-0.0657267036306559	0.8123881708	0	0	0	0	0	0	0	0	0	0.05107306885092873	0.06730577625360364	0	0	0	0	0	0	0	0	12.386925386883881	0.07381626154315146	14.651020015732167	0.05031162184809457	0	0	0	0	0	0	0	0	26	0	1	1
80628	1761118587	1761155355	283.7854273	300.7108899	2005	0	0	0	0	0	5.968183788783189	0.06453457423024249	0.8112608254426742	0	0	0	0	0	0	0	0	0	0.060807943973748925	0.08245802148053967	0	0	0	0	0	0	0	0	12.297918856795201	0.0891118435024918	14.704103067283308	0.05975722275016704	0	0	0	0	0	0	0	0	27	0	1	1
80629	1761156209	1761230386	283.7854273	300.7108899	4050	0	0	0	0	0	5.842572733049303	-0.05913738595538362	0.8047559107345327	0	0	0	0	0	0	0	0	0	0.044644736196359516	0.060769940771240115	0	0	0	0	0	0	0	0	12.130325384671753	0.06517342426937667	14.572682244773553	0.043547566876362964	0	0	0	0	0	0	0	0	27	0	1	1
80631	1761232595	1761267966	283.7854273	300.7108899	1880	0	0	0	0	0	5.7692864034388744	0.28340900379113004	0.8098958136105666	0	0	0	0	0	0	0	0	0	0.06432074643308654	0.0897792916890776	0	0	0	0	0	0	0	0	12.232411131216981	0.09704668055569243	14.850011912278251	0.06345781031226494	0	0	0	0	0	0	0	0	27	0	1	1
80632	1761283556	1761307507	283.7854273	300.7108899	1330	0	0	0	0	0	5.7150677104588725	0.38451955105045366	0.8093261295411619	0	0	0	0	0	0	0	0	0	0.07683646856223968	0.10701621370792123	0	0	0	0	0	0	0	0	12.199467213433831	0.11523765752814263	14.770902407775255	0.07465180969883001	0	0	0	0	0	0	0	0	27	0	1	1
80634	1761313370	1761340024	282.120447	298.9797514	1460	0	0	0	0	0	6.836942550484149	-0.48356871743998153	0.8056192145401955	0	0	0	0	0	0	0	0	0	0.0753667119412282	0.10381870877144977	0	0	0	0	0	0	0	0	12.200624314091268	0.11311227730754414	14.758043559198773	0.0735826424998125	0	0	0	0	0	0	0	0	-1	0	1	1
80636	1761341155	1761371614	282.153526	298.9797514	1695	0	0	0	0	0	5.95972295345625	-0.4186599406843635	0.8075776651292951	0	0	0	0	0	0	0	0	0	0.06809633027753861	0.09383164009941422	0	0	0	0	0	0	0	0	12.212583217368826	0.10308379093983877	14.85023237588341	0.06600413646473591	0	0	0	0	0	0	0	0	28	0	1	2
80637	1761372762	1761407435	282.153526	298.9797514	1805	0	0	0	0	0	6.127250480965364	-0.509130541354968	0.8063178411288549	0	0	0	0	0	0	0	0	0	0.06619695268198798	0.09219341557422558	0	0	0	0	0	0	0	0	12.19435558293724	0.10139347453471359	14.825747004111562	0.06381277616450909	0	0	0	0	0	0	0	0	28	0	1	2
80638	1761409516	1761466982	282.153526	298.9797514	2985	0	0	0	0	0	5.951835247263512	-0.47033781451521867	0.8117176604059168	0	0	0	0	0	0	0	0	0	0.05038587028577894	0.064337886335046	0	0	0	0	0	0	0	0	12.460968006049484	0.06929055651379379	14.472258572787803	0.04968844876560219	0	0	0	0	0	0	0	0	28	0	1	1
80640	1761470760	1761518026	282.153526	298.9797514	2595	0	0	0	0	0	5.912023716796088	-0.9874445577012336	0.8097329253294534	0	0	0	0	0	0	0	0	0	0.05452193858177347	0.07153482376036281	0	0	0	0	0	0	0	0	12.259751275039985	0.07665012586599573	14.529507402683219	0.05315081455764048	0	0	0	0	0	0	0	0	28	0	1	1
80641	1761518466	1761553401	282.153526	298.9797514	1915	0	0	0	0	0	-4.222936259913887	-0.6066677788796879	0.557579088443575	0	0	0	0	0	0	0	0	0	2.305639152301452	1.4499458231842295	0	0	0	0	0	0	0	0	36.70806628725384	1.3124626908425565	27.803982474431642	2.102068617177615	0	0	0	0	0	0	0	0	28	0	0	1
80647	1761589674	1761625109	280.6980465	297.4029819	1915	0	0	0	0	0	6.0509241432560135	0.10841846144701499	0.8132820495635562	0	0	0	0	0	0	0	0	0	0.06210508795422097	0.08534473030141476	0	0	0	0	0	0	0	0	12.426246568269718	0.0951402548284932	15.037410209268781	0.06092281666290322	0	0	0	0	0	0	0	0	29	0	1	1
80649	1761632417	1761674896	280.6980465	297.4029819	2300	0	0	0	0	0	5.845207131951624	0.48902532228741064	0.8100554034543596	0	0	0	0	0	0	0	0	0	0.058080464860241994	0.07943315509369005	0	0	0	0	0	0	0	0	12.248865210325759	0.08814998492866	14.870328030548125	0.0561737342299411	0	0	0	0	0	0	0	0	29	0	1	1
80650	1761675196	1761684547	280.6980465	297.4029819	525	0	0	0	0	0	5.9856864138298995	0.891142381056819	0.8151042332070825	0	0	0	0	0	0	0	0	0	0.11864328822253144	0.1670319381246373	0	0	0	0	0	0	0	0	12.532537247238947	0.1859329541440875	15.216310513428454	0.11548694235512613	0	0	0	0	0	0	0	0	29	0	1	1
80651	1761684999	1761751294	280.6980465	297.4029819	3675	0	0	0	0	0	5.995212965144919	0.5789150738984256	0.8107751473076248	0	0	0	0	0	0	0	0	0	0.04714353150665104	0.06324785339382871	0	0	0	0	0	0	0	0	12.50625487119474	0.07030199909927326	14.968830929208842	0.04691372962277551	0	0	0	0	0	0	0	0	29	0	1	1
80653	1761754044	1761809258	279.0551189	295.7049225	3040	0	0	0	0	0	6.644839613415588	-0.4520946229623629	0.8051097607011142	0	0	0	0	0	0	0	0	0	0.053140544395559125	0.07493737411230637	0	0	0	0	0	0	0	0	12.40365786460146	0.08346457310788757	15.227857135061054	0.052434206670350925	0	0	0	0	0	0	0	0	30	0	1	1
80654	1761809466	1761850497	279.0551189	295.7049225	2230	0	0	0	0	0	6.501744912165928	-0.6974025207929619	0.8013878674575029	0	0	0	0	0	0	0	0	0	0.06300099437027756	0.0905291218248213	0	0	0	0	0	0	0	0	12.200435024120571	0.10004701745685196	15.084594729023623	0.06146916971002536	0	0	0	0	0	0	0	0	30	0	1	1
80655	1761851052	1761918285	279.0551189	295.7049225	3695	0	0	0	0	0	6.461735924619459	-0.9916877923852946	0.805529032708957	0	0	0	0	0	0	0	0	0	0.048116342064339596	0.06748372201611343	0	0	0	0	0	0	0	0	12.384299599475588	0.0757713142441121	15.20820240424829	0.04720527044412659	0	0	0	0	0	0	0	0	30	0	1	1
80658	1761933262	1761989025	277.5334812	294.128153	3070	0	0	0	0	0	6.8801081506019	-0.186502276989206	0.805470385170955	0	0	0	0	0	0	0	0	0	0.05385134373131057	0.08258352640440979	0	0	0	0	0	0	0	0	12.430669544859265	0.0959387521872559	15.946333920862957	0.05298552662800571	0	0	0	0	0	0	0	0	31	0	1	1
80659	1761989285	1762031703	277.5334812	294.128153	2330	0	0	0	0	0	6.857698739099215	-0.7067329294235298	0.8108210909437474	0	0	0	0	0	0	0	0	0	0.05960791351266789	0.08737443132391856	0	0	0	0	0	0	0	0	12.646580117885465	0.10012402125671827	15.805907487676828	0.05897634656826156	0	0	0	0	0	0	0	0	31	0	1	1
80660	1762031952	1762104661	277.5334812	294.128153	3895	0	0	0	0	0	6.889326454130783	-0.5290483628081804	0.805412734469026	0	0	0	0	0	0	0	0	0	0.04879583000108259	0.07185535504344567	0	0	0	0	0	0	0	0	12.475211987242382	0.082512470218294	15.684368718092337	0.048131416582362974	0	0	0	0	0	0	0	0	31	0	1	1
80661	1762105584	1762151029	277.5334812	294.128153	1855	0	0	0	0	0	0.3828525922295645	1.4381376531039625	0.5956962627431969	0	0	0	0	0	0	0	0	0	1.5047050967316624	3.8303491190010566	0	0	0	0	0	0	0	0	30.833667671887937	3.294218879645072	38.228353333380625	1.6490534096181317	0	0	0	0	0	0	0	0	31	0	0	1
80663	1762159283	1762200000	276.1110808	292.7057526	2230	0	0	0	0	0	6.667144559335231	0.9635417032055396	0.8002975257663945	0	0	0	0	0	0	0	0	0	0.06577293278417029	0.1015418765222497	0	0	0	0	0	0	0	0	12.51096931726281	0.12159437617589397	16.30314789908424	0.06424561418584496	0	0	0	0	0	0	0	0	32	0	1	1
80664	1762200235	1762264910	276.1110808	292.7057526	3560	0	0	0	0	0	6.915187464974356	1.180412134305892	0.8039590419798899	0	0	0	0	0	0	0	0	0	0.05241606630311968	0.08063064276520508	0	0	0	0	0	0	0	0	12.617174381510615	0.0979377858401076	16.377625338335754	0.05223669023966604	0	0	0	0	0	0	0	0	32	0	1	1
80665	1762265439	1762282828	276.1110808	292.7057526	965	0	0	0	0	0	6.940878818670337	0.7513330822094324	0.8027600469835444	0	0	0	0	0	0	0	0	0	0.10316923090269574	0.15441918991084636	0	0	0	0	0	0	0	0	12.584284268653033	0.1817965554407195	16.09075851346024	0.10229169731331655	0	0	0	0	0	0	0	0	32	0	1	2
80669	1762422428	1762454164	276.1110808	292.7057526	1705	0	0	0	0	0	6.907564167251687	2.3130409909017717	0.80776834047335	0	0	0	0	0	0	0	0	0	0.07197585481826757	0.11584545038670502	0	0	0	0	0	0	0	0	12.320899644196817	0.1411637328735349	16.47950379469767	0.07031769338429505	0	0	0	0	0	0	0	0	32	0	1	1
80671	1762457371	1762514824	274.9092075	291.4597739	3135	0	0	0	0	0	7.2018604384642675	1.0380537988752019	0.8088379506168414	0	0	0	0	0	0	0	0	0	0.05183743295170065	0.08863667594174214	0	0	0	0	0	0	0	0	12.47131248441267	0.10387127911316973	16.666710335101016	0.05134097498482859	0	0	0	0	0	0	0	0	33	0	1	1
80672	1762515051	1762582043	274.9092075	291.4597739	3660	0	0	0	0	0	7.052552100888943	1.4214758608261406	0.8081359006500355	0	0	0	0	0	0	0	0	0	0.047596032933668785	0.07459915435222654	0	0	0	0	0	0	0	0	12.589294321449072	0.09097954846168754	16.5535326307299	0.04716895753390471	0	0	0	0	0	0	0	0	33	0	1	1
80673	1762582385	1762607408	274.9092075	291.4597739	1385	0	0	0	0	0	7.1789880265640384	1.3445210353389394	0.8109999601847291	0	0	0	0	0	0	0	0	0	0.07554756366897647	0.11500651932049219	0	0	0	0	0	0	0	0	12.6213629868763	0.13931425802799957	16.292084039368596	0.07502290346947671	0	0	0	0	0	0	0	0	33	0	1	1
80675	1762609846	1762635199	273.3655171	289.7727408	1395	0	0	0	0	0	6.277380527486313	1.6349403110267673	0.8044473100559829	0	0	0	0	0	0	0	0	0	0.08013814168165814	0.1346584432521355	0	0	0	0	0	0	0	0	12.568134669549634	0.15316555358168493	16.4392829745101	0.07906091961121042	0	0	0	0	0	0	0	0	34	0	1	1
80677	1762641294	1762664286	273.3655171	289.7727408	1245	0	0	0	0.8	-5.	6.198320298576426	8.48	0.8091046701107432	0	0	0	0	0	0	0	0	0	0.0818608173264916	0.11828963906784597	0	0	0	0	0	0	0	0	12.699035371035789	0.12708718439683508	16.937939594454157	0.08109068954690812	0	0	0	0	0	0	0	0	34	0	1	1
80678	1762668793	1762726803	273.3655171	289.7727408	3180	0	0	0	0	0	6.984311058071012	3.0304002033622517	0.8069891270130501	0	0	0	0	0	0	0	0	0	0.05257695535835637	0.08842456863005202	0	0	0	0	0	0	0	0	12.573737759993895	0.11004460748530143	17.083947220424793	0.05227837469202434	0	0	0	0	0	0	0	0	34	0	1	1
80679	1762727029	1762781539	273.3655171	289.7727408	3020	0	0	0	0	0	7.208719481515302	3.2496324120811413	0.8117885619012479	0	0	0	0	0	0	0	0	0	0.051675565576347185	0.07804228032303875	0	0	0	0	0	0	0	0	12.613340245783254	0.08562414644851657	17.29571718296771	0.05160250023239055	0	0	0	0	0	0	0	0	34	0	1	1
80680	1762782177	1762847902	273.3655171	289.7727408	3435	0	0	0	0	0	-10.43065802070887	0.052310090316088007	0.6131132109493358	0	0	0	0	0	0	0	0	0	1.7229879545212632	1.5490868630013686	0	0	0	0	0	0	0	0	39.88606555076684	1.3082511550296676	28.439537093983382	2.0111087642333594	0	0	0	0	0	0	0	0	34	0	0	1
80693	1763118074	1763139186	271.3035878	287.5454161	1110	0	0	0	0	0	6.069760091630518	2.6365617592160233	0.808526786600443	0	0	0	0	0	0	0	0	0	0.0897092085487444	0.13927308759454532	0	0	0	0	0	0	0	0	12.701596394535652	0.1728838394301544	16.544113608828805	0.08899826988646264	0	0	0	0	0	0	0	0	35	0	1	1
80694	1763140233	1763164279	271.3035878	287.5454161	1025	0	0	0	0	0	6.023928601486605	3.4943568234149103	0.8105292697853832	0	0	0	0	0	0	0	0	0	0.0908547108354326	0.12500626582176844	0	0	0	0	0	0	0	0	12.713209885528055	0.13185979295173844	16.46655019246558	0.09134632350585736	0	0	0	0	0	0	0	0	35	0	1	1
80698	1763200435	1763206842	271.3035878	287.5454161	360	0	0	0	0	0	5.896722819857992	3.2955971069491192	0.811640762315826	0	0	0	0	0	0	0	0	0	0.14768456753363648	0.21690199665983484	0	0	0	0	0	0	0	0	12.734065323413292	0.23573939948601286	17.154949146695525	0.15080311021395065	0	0	0	0	0	0	0	0	35	0	1	1
80699	1763208121	1763239627	271.3035878	287.5454161	1685	0	0	0	0	0	5.754623606796236	2.9352425330137195	0.8084524664288485	0	0	0	0	0	0	0	0	0	0.06975248975143937	0.10848551320886157	0	0	0	0	0	0	0	0	12.731350617949992	0.13121918822545453	16.55401077588087	0.07006394037179664	0	0	0	0	0	0	0	0	35	0	1	1
80700	1763241291	1763287770	271.3035878	287.5454161	2550	0	0	0	0	0	5.924833639550631	3.0515133147578966	0.8080283853879797	0	0	0	0	0	0	0	0	0	0.0575091588602775	0.08905059420853399	0	0	0	0	0	0	0	0	12.755808666847273	0.10749832284435357	16.519576345550718	0.057282405503631395	0	0	0	0	0	0	0	0	35	0	1	1
80701	1763289531	1763290798	271.3035878	287.5454161	70	0	0	0	0	0	5.579104093907511	3.12359241017692	0.8106869314135914	0	0	0	0	0	0	0	0	0	0.351098030280465	0.6227678898874937	0	0	0	0	0	0	0	0	13.000602117022158	0.5815838626208301	17.50204054179139	0.3671979006201713	0	0	0	0	0	0	0	0	35	0	1	1
80702	1763293364	1763305723	271.3035878	287.5454161	670	0	0	0	0	0	5.749200000754888	3.28600871321203	0.8129376591183843	0	0	0	0	0	0	0	0	0	0.11155125176906323	0.1648665723370843	0	0	0	0	0	0	0	0	12.647247718106563	0.17400300314729833	16.91487558848049	0.11091973114814113	0	0	0	0	0	0	0	0	35	0	1	1
80703	1763308063	1763361406	271.3035878	287.5454161	2950	0	0	0	0	0	5.58175365903358	3.3930153795581273	0.8259599269735669	0	0	0	0	0	0	0	0	0	0.04815999314212115	0.08084404103433267	0	0	0	0	0	0	0	0	11.731911478828287	0.09521031391953372	16.115501796028887	0.04595608086981873	0	0	0	0	0	0	0	0	-1	0	1	1
80704	1763361800	1763368853	271.3035878	287.5454161	370	0	0	0	0	0	-529.4568127465511	-4.496290081251164	0.5224510519086989	0	0	0	0	0	0	0	0	0	2003.897202795021	11.78070688371445	0	0	0	0	0	0	0	0	292.01138614631947	11.91343717577319	36.73069108532339	282.38394215065387	0	0	0	0	0	0	0	0	-1	0	0	1
80682	1762853635	1762868674	263.9931111	279.7387532	830	0	0	0	0	0	5.562249799165905	2.876091852395103	0.8077297315628847	0	0	0	0	0	0	0	0	0	0.11511862619512112	0.16887802897645188	0	0	0	0	0	0	0	0	13.094208491424226	0.20340907922006402	16.47375377968039	0.11752285020218967	0	0	0	0	0	0	0	0	36	0	1	1
80683	1762871398	1762932774	263.9931111	279.7387532	3375	0	0	0	0	0	5.716204670947889	2.1725194493927544	0.8077219958587785	0	0	0	0	0	0	0	0	0	0.054722287982633656	0.08305206888515236	0	0	0	0	0	0	0	0	13.146405142879384	0.10352265584836928	16.85976564498836	0.056122372366959716	0	0	0	0	0	0	0	0	36	0	1	1
80684	1762933253	1762980083	263.9931111	279.7387532	2565	0	0	0	0	0	5.586882825297328	1.9158788150847785	0.8078903570121265	0	0	0	0	0	0	0	0	0	0.06428094877321545	0.08589604341421533	0	0	0	0	0	0	0	0	13.250359813577104	0.09322686346948572	16.87669291139958	0.06584457404954325	0	0	0	0	0	0	0	0	36	0	1	1
80685	1762980524	1763039821	263.9931111	279.7387532	3240	0	0	0	0	0	5.826028402884409	2.020017624576441	0.8128393923079154	0	0	0	0	0	0	0	0	0	0.05529074757502697	0.07880827881647698	0	0	0	0	0	0	0	0	13.251827350634587	0.08390307233993788	17.100112881048965	0.05701902602420539	0	0	0	0	0	0	0	0	36	0	1	1
80687	1763047940	1763109710	263.9931111	279.7387532	3405	0	0	0	0	0	-2.848231982379315	-1.1470846913205794	0.6096056955769098	0	0	0	0	0	0	0	0	0	1.833016921476869	1.5686646354255698	0	0	0	0	0	0	0	0	38.88511602512237	1.7691358024547164	31.338067203950185	2.0823576810825664	0	0	0	0	0	0	0	0	36	0	0	2
80481	1758725269	1758783907	308.2088147	327.0087585	3035	0	0	0	0	0	9.514223092590159	3.257848867139885	0.822783087001697	0	0	0	0	0	0	0	0	0	0.04614426358583422	0.05418591795087432	0	0	0	0	0	0	0	0	11.508078443358468	0.05386747654211366	12.860724687238703	0.043747288539841556	0	0	0	0	0	0	0	0	37	0	1	1
80491	1758799216	1758804171	308.2088147	327.0087585	260	0	0	0	0	0	9.30278263444674	3.1473611981431957	0.8156360958651425	0	0	0	0	0	0	0	0	0	0.15763705737859843	0.1914377270630346	0	0	0	0	0	0	0	0	11.224942607585092	0.2035444959486119	11.96067358535719	0.15016639398086795	0	0	0	0	0	0	0	0	37	0	1	1
80532	1759158445	1759221213	308.2088147	327.0087585	3485	0	0	0	0	0	8.918239266504381	3.452610179240562	0.8115699099763612	0	0	0	0	0	0	0	0	0	0.044257472308892196	0.05426800306433992	0	0	0	0	0	0	0	0	10.825839700779321	0.0588675833857657	12.247707265624657	0.04447565333689418	0	0	0	0	0	0	0	0	37	0	0	2
80519	1758885579	1758920321	332.6763076	353.0971263	1915	0	0	0	0	0	10.436723207348361	3.269448583437245	0.8173650896923687	0	0	0	0	0	0	0	0	0	0.05474138765040487	0.06463899991912647	0	0	0	0	0	0	0	0	10.686268828736523	0.06600563695734074	11.280210334341845	0.04980884877178138	0	0	0	0	0	0	0	0	38	0	1	1
80520	1758922202	1758980067	332.6763076	353.0971263	3190	0	0	0	0	0	10.362423611169833	3.0794091545726707	0.8188830817719465	0	0	0	0	0	0	0	0	0	0.04033129643547848	0.046392637690196414	0	0	0	0	0	0	0	0	10.780522958054991	0.04699467078463471	11.218240319863233	0.03732270537447757	0	0	0	0	0	0	0	0	38	0	0	2
80522	1758981079	1759045139	332.6763076	353.0971263	3550	0	0	0	0	0	10.414551306099456	3.1453628030331937	0.8170554794266329	0	0	0	0	0	0	0	0	0	0.040456641677548075	0.047003863078663714	0	0	0	0	0	0	0	0	10.736836120481941	0.04763813847251264	11.241971621283785	0.037040056389221476	0	0	0	0	0	0	0	0	38	0	1	1
80524	1759047485	1759084685	332.6763076	353.0971263	2065	0	0	0	0	0	10.281104559018594	3.0482961251523757	0.8145665736011074	0	0	0	0	0	0	0	0	0	0.052491488482259714	0.06073699682541869	0	0	0	0	0	0	0	0	10.62723063138734	0.06143963936065244	11.120908014498724	0.0482283384566351	0	0	0	0	0	0	0	0	38	0	1	1
80525	1759086333	1759123176	332.6763076	353.0971263	2040	0	0	0	0	0	-1.9138801791339126	-0.43428416295816663	0.0	0	0	0	0	0	0	0	0	0	2.7700930734641034	1.0425638720989148	0	0	0	0	0	0	0	0	44.90627470841194	1.1046922136940083	25.249487182592137	3.017754083164885	0	0	0	0	0	0	0	0	38	0	0	2
