80128	174732220	 174733413	301.24	298.54	1075	0.0     0.0     0.0     0.0     0.0     -8.56     -10.9     1.0     0.0     0.0     0.0     0.0     0.0     0.0     0.0     0.0     0.0     0.0     0.0     0.0     0.0     0.0     0.0     0.0     0.0     0.0     0.0     0.0     0.0     0.0     0.0
     0.0     0.0     0.0     0.0     0.0     0.0     0.0     0.0     -1      1.0
80129   174732220        174733413      301.24  298.54  1075    0.0     0.0     0.0     0.0     0.0     -8.56     -10.9     1.0     0.0     0.0     0.0     0.0     0.0     0.0     0.0     0.0     0.0     0.0     0.0     0.0     0.0     0.0     0.0     0.0     0.0     0.0     0.0     0.0     0.0     0.0     0.0
     0.0     0.0     0.0     0.0     0.0     0.0     0.0     0.0     -1      1.0
80130   174732220        174733413      301.24  298.54  1075    0.0     0.0     0.0     0.0     0.0     -8.56     -10.9     1.0     0.0     0.0     0.0     0.0     0.0     0.0     0.0     0.0     0.0     0.0     0.0     0.0     0.0     0.0     0.0     0.0     0.0     0.0     0.0     0.0     0.0     0.0     0.0
     0.0     0.0     0.0     0.0     0.0     0.0     0.0     0.0     -1      1.0
80144   174732220        174733413      301.24  298.54  1075    0.0     0.0     0.0     0.0     0.0     -8.56     -10.9     1.0     0.0     0.0     0.0     0.0     0.0     0.0     0.0     0.0     0.0     0.0     0.0     0.0     0.0     0.0     0.0     0.0     0.0     0.0     0.0     0.0     0.0     0.0     0.0 0.0     0.0     0.0     0.0     0.0     0.0     0.0     0.0     -1      1.0
80152   174732220        174733413      301.24  298.54  1075    0.0     0.0     0.0     0.0     0.0     -8.56     -10.9     1.0     0.0     0.0     0.0     0.0     0.0     0.0     0.0     0.0     0.0     0.0     0.0     0.0     0.0     0.0     0.0     0.0     0.0     0.0     0.0     0.0     0.0     0.0     0.0 0.0     0.0     0.0     0.0     0.0     0.0     0.0     0.0     -1      1.0
80154   174732220        174733413      301.24  298.54  1075    0.0     0.0     0.0     0.0     0.0     -8.56     -10.9     1.0     0.0     0.0     0.0     0.0     0.0     0.0     0.0     0.0     0.0     0.0     0.0     0.0     0.0     0.0     0.0     0.0     0.0     0.0     0.0     0.0     0.0     0.0     0.0 0.0     0.0     0.0     0.0     0.0     0.0     0.0     0.0     -1      1.0
80162   174732220        174733413      301.24  298.54  1075    0.0     0.0     0.0     0.0     0.0     -8.56     -10.9     1.0     0.0     0.0     0.0     0.0     0.0     0.0     0.0     0.0     0.0     0.0     0.0     0.0     0.0     0.0     0.0     0.0     0.0     0.0     0.0     0.0     0.0     0.0     0.0 0.0     0.0     0.0     0.0     0.0     0.0     0.0     0.0     -1      1.0
80163   174732220        174733413      301.24  298.54  1075    0.0     0.0     0.0     0.0     0.0     -8.56     -10.9     1.0     0.0     0.0     0.0     0.0     0.0     0.0     0.0     0.0     0.0     0.0     0.0     0.0     0.0     0.0     0.0     0.0     0.0     0.0     0.0     0.0     0.0     0.0     0.0 0.0     0.0     0.0     0.0     0.0     0.0     0.0     0.0     -1      1.0
80164   174732220        174733413      301.24  298.54  1075    0.0     0.0     0.0     0.0     0.0     -8.56     -10.9     1.0     0.0     0.0     0.0     0.0     0.0     0.0     0.0     0.0     0.0     0.0     0.0     0.0     0.0     0.0     0.0     0.0     0.0     0.0     0.0     0.0     0.0     0.0     0.0 0.0     0.0     0.0     0.0     0.0     0.0     0.0     0.0     -1      1.0
80182   174732220        174733413      301.24  298.54  1075    0.0     0.0     0.0     0.0     0.0     -13.1     -10.3     1.0     0.0     0.0     0.0     0.0     0.0     0.0     0.0     0.0     0.0     0.0     0.0     0.0     0.0     0.0     0.0     0.0     0.0     0.0     0.0     0.0     0.0     0.0     0.0 0.0     0.0     0.0 0.0     0.0     0.0     0.0     0.0     -1      1.0
80258   174732220        174733413      301.24  298.54  1075    0.0     0.0     0.0     0.0     0.0     -13.1     -10.3     1.0     0.0     0.0     0.0     0.0     0.0     0.0     0.0     0.0     0.0     0.0     0.0     0.0     0.0     0.0     0.0     0.0     0.0     0.0     0.0     0.0     0.0     0.0     0.0 0.0     0.0     0.0 0.0     0.0     0.0     0.0     0.0     -1      1.0
80324   174732220        174733413      301.24  298.54  1075    0.0     0.0     0.0     0.0     2.0     4.16     -2.84     0.906     0.0     0.0     0.0     0.0     0.0     0.0     0.0     0.0     0.0     0.0     0.0     0.0     0.0     0.0     0.0     0.0     0.0     0.0     0.0     0.0     0.0     0.0     0.0 0.0     0.0     0.0 0.0     0.0     0.0     0.0     0.0     -1      1.0
80333   174732220        174733413      297.93  295.08  1075    0.0     0.0     0.0     0.0     0.0     2.34     0.33    0.90     0.0     0.0     0.0     0.0     0.0     0.0     0.0     0.0     0.0     0.0     0.0     0.0     0.0     0.0    0.0     0.0     0.0     0.0     0.0     0.0     0.0     0.0     0.0 0.0     0.0     0.0 0.0     0.0     0.0     0.0     0.0     -1      1.0
80357   174732220        174733413      294.83  292.04  1075    0.0     0.0     0.0     0.0     0.0     4.54     -0.40    0.891     0.0     0.0     0.0     0.0     0.0     0.0     0.0     0.0     0.0     0.0     0.0     0.0     0.0     0.0    0.0     0.0     0.0     0.0     0.0     0.0     0.0     0.0     0.0 0.0     0.0     0.0 0.0     0.0     0.0     0.0    0.0     -1      1.0
80362   174732220        174733413      294.83  292.04  1075    0.0     0.0     0.0     0.0     0.0     4.43     5.91    0.815     0.0     0.0     0.0     0.0     0.0     0.0     0.0     0.0     0.0     0.0     0.0     0.0     0.0     0.0    0.0     0.0     0.0    0.0     0.0     0.0     0.0     0.0     0.0 0.0     0.0     0.0 0.0     0.0     0.0     0.0    0.0     -1      1.0
80383   174732220        174733413      291.74  288.90  1075    0.0     0.0     0.0     0.0     0.0     5.10     7.43    0.83     0.0     0.0     0.0     0.0     0.0     0.0     0.0     0.0     0.0     0.0     0.0     0.0     0.0     0.0    0.0     0.0     0.0    0.0     0.0     0.0     0.0     0.0     0.0 0.0     0.0     0.0 0.0     0.0     0.0     0.0    0.0     -1      1.0
80385   174732220        174733413      291.74  288.90  1075    0.0     0.0     0.0     0.0     0.0     0.0     0.0    0.0     0.0     0.0     0.0     0.0     0.0     0.0     0.0     0.0     0.0     0.0     0.0     0.0     0.0     0.0    0.0     0.0     0.0    0.0     0.0     0.0     0.0     0.0     0.0 0.0     0.0     0.0 0.0     0.0     0.0     0.0    0.0     -1      1.0
80386   174732220        174733413      291.74  288.90  1075    0.0     0.0     0.0     0.0     0.0     10.1     4.58    0.82     0.0     0.0     0.0     0.0     0.0     0.0     0.0     0.0     0.0     0.0     0.0     0.0     0.0     0.0    0.0     0.0     0.0    0.0     0.0     0.0     0.0     0.0     0.0 0.0     0.0     0.0 0.0     0.0     0.0     0.0    0.0     -1      1.0
80629   174732220        174733413      281.78  280.77  1075    0.0     0.0     0.0     3.0     0.0     6.63     0.30    0.810     0.0     0.0     0.0     0.0     0.0     0.0     0.0     0.0     0.0     0.0     0.0     0.0     0.0     0.0    0.0    0.0     0.0    0.0     0.0     0.0     0.0     0.0     0.0 0.0     0.0     0.0 0.0     0.0     0.0     0.0    0.0     -1      1.0
80641   174732220        174733413      282.15  279.17  1075    0.0     0.0     0.0     3.0     0.0     6.63     0.30    0.830     0.0     0.0     0.0     0.0     0.0     0.0     0.0     0.0     0.0     0.0     0.0     0.0     0.0     0.0    0.0    0.0     0.0    0.0     0.0     0.0     0.0     0.0     0.0 0.0     0.0     0.0 0.0     0.0     0.0     0.0    0.0     -1      1.0
80703   174732220        174733413      271.29  268.29  1075    0.0     0.0     0.0     3.0     0.0     6.083     4.241    0.834     0.0     0.0     0.0     0.0     0.0     0.0     0.0     0.0     0.0     0.0     0.0     0.0     0.0     0.0    0.0    0.0     0.0    0.0     0.0     0.0     0.0     0.0     0.0 0.0     0.0     0.0 0.0     0.0     0.0     0.0    0.0     -1      1.0
